30.74325357142857 30.610946428571435 32.188266071428565 32.47525714285714 31.35068928571428 30.81609285714286 32.10643749999999 29.971676785714294 28.80414821428571 29.721485714285713 28.999683928571425 29.5922375 30.638178571428572 32.25832142857143 31.777167857142864 30.904492857142863 31.876487500000007 32.230891071428566 31.27295 30.479667857142857 30.22413392857144 31.363376785714284 32.08232142857143 34.111819642857135 34.329967857142854 35.6909107142857 35.055387499999995 35.83671428571429 37.06693035714285 36.82233214285715 36.96073035714286 37.00669107142858 38.02839107142857 38.34152142857142 37.346910714285706 37.20609821428572 37.3091375 36.540417857142856 36.28632321428571 36.62538392857143 37.21550714285714 38.63498392857145 38.794151785714284 39.742755357142876 38.99168392857143 39.518571428571434 39.25220357142858 38.099958928571425 37.16790892857142 36.82859821428571 36.24446964285715 36.801601785714276 36.91308035714286 38.56674642857143 40.123721428571436 40.44597321428571 40.3790375 39.77203928571429 40.046325 39.04803928571427 
27.1798 29.2498 33.6928 25.6264 24.6555 28.9446 35.798 34.9446 24.5596 34.2366 27.9634 25.3216 35.4154 34.862 25.1472 29.4686 33.1739 31.1274 31.3701 26.5173 28.6486 31.6565 35.9497 33.0321 24.6081 33.2025 27.4335 32.6355 35.8773 28.0295 33.1247 33.4129 26.9245 30.2123 29.6526 30.8644 24.5119 33.9931 33.3094 33.204 31.2651 27.9072 35.111 35.0757 33.833 25.9481 29.1348 24.2875 32.3223 34.9244 27.7218 27.9601 35.7198 27.576 35.3375 29.9993 34.2149 33.1276 31.1057 31.0179 
26.0377 28.3229 27.8169 26.0755 35.83 26.7637 30.3826 33.3847 27.0971 31.2636 28.3222 33.8503 29.2406 30.9709 32.7149 28.5763 26.1684 34.284 35.7172 31.1575 24.9529 26.8294 29.8303 29.4304 27.6832 27.3296 34.3358 34.0192 31.7303 34.1595 28.4973 33.5528 33.2326 34.4434 34.0728 31.4131 26.6576 24.9265 30.1381 32.0219 35.4073 35.9725 26.9969 31.1964 33.9649 35.7227 30.3125 35.0085 25.1766 30.6632 29.7037 29.3188 24.8644 35.0739 31.7388 32.7134 24.8413 33.0736 30.9048 34.6861 
30.2137 33.5576 34.5969 35.8645 32.4596 30.8967 24.4473 30.105 33.0696 33.782 29.2145 25.1968 27.0663 31.463 31.8449 33.6906 26.4361 25.5662 29.0188 30.7936 35.343 27.7431 27.6663 32.4993 33.8239 31.8706 33.6138 28.8818 35.0243 30.3624 28.2153 25.611 34.3482 29.8454 31.1252 31.6297 35.9038 27.4732 28.4687 29.4584 34.7904 35.4852 33.0288 30.7906 32.312 31.0554 31.6426 25.2269 34.8565 27.341 26.2551 33.0949 29.2971 34.4702 32.1295 34.111 30.0488 34.1841 35.0915 30.9676 
34.4988 30.9151 31.0631 35.3471 35.4036 29.5457 31.253 34.1459 29.9247 33.9583 27.5069 24.4543 26.9609 26.3689 28.3868 24.7032 25.3719 34.2487 29.7492 35.1337 30.9291 26.8202 25.9257 35.8333 27.605 32.7832 31.084 26.4449 28.4154 31.4065 34.4272 35.7224 24.1902 29.498 35.5131 35.1271 27.6972 32.8287 35.2252 33.5999 31.4839 35.722 32.4082 35.0129 28.7338 26.1798 34.0622 27.1379 35.8325 33.9909 32.8478 32.5867 25.2809 26.6664 31.9936 29.5759 32.5382 29.6082 35.256 25.6668 
35.5351 41.7067 39.1705 48.3964 38.6103 34.5755 39.4181 29.1601 21.1805 20.4808 14.5935 24.265 26.4578 28.9629 31.7837 45.5757 48.4191 46.4321 35.8598 35.509 22.1924 23.3135 23.2302 22.6636 19.3221 17.248 27.1418 39.0091 45.7347 42.0011 44.5071 43.5643 35.0768 23.3575 20.7055 19.9759 18.6236 18.7408 27.4668 26.2064 35.5579 39.407 44.8076 48.1086 45.3199 36.0476 32.956 27.4532 15.7995 13.0734 22.8846 15.4841 32.6882 30.0856 42.1698 48.2339 46.0566 37.7721 37.2248 32.9494 
31.5555 33.8108 47.7598 40.4056 34.2128 26.8555 30.1153 13.082 19.8027 19.3834 26.7693 31.8521 40.1876 39.8323 43.9535 37.7174 24.2572 23.6006 13.4661 16.1605 16.1841 32.2748 40.7452 41.001 42.0267 47.4836 31.6293 31.7157 19.3745 11.8441 12.0783 25.5561 35.7218 43.9844 48.6975 38.1681 35.859 34.6789 30.3785 23.1508 14.7885 20.0223 27.5827 38.2921 35.1351 43.0436 45.1359 31.75 29.2927 16.4292 21.88 13.8714 22.6016 26.2231 37.3841 45.987 43.623 43.531 35.1972 23.164 
29.7481 35.0096 45.5182 47.1441 42.4431 38.1345 30.4926 24.4804 17.8574 16.51 14.1993 18.7899 18.0614 29.2729 29.1877 35.8468 38.3537 45.3945 37.4028 35.2864 28.8721 27.2127 18.7626 17.8971 12.5872 22.7502 17.8389 27.1988 31.4798 42.2281 43.6363 49.2067 41.6685 41.6546 37.9759 26.9402 21.5901 22.7819 13.9352 18.9154 20.196 34.2972 39.5432 43.9576 47.102 45.4469 38.9672 40.748 25.8723 29.2668 20.9359 21.6952 14.8328 19.0264 26.6645 28.0073 41.5617 40.1772 44.9136 48.8988 
30.6452 33.5252 47.7151 41.2529 39.2562 38.762 38.4 24.4824 19.1655 20.1992 13.2109 12.8291 18.7599 25.6468 38.5677 36.1103 48.6031 48.2751 45.7563 32.5005 29.7102 22.3788 25.1075 10.5893 10.8242 15.1053 21.3766 29.6578 33.7933 47.2711 43.4118 49.0611 45.2724 34.169 31.5485 23.9859 17.2146 17.5982 20.4758 24.7824 28.2999 31.1446 39.9752 49.6628 40.3528 42.8835 33.5415 37.2749 26.5876 16.4501 20.2041 19.2114 12.4077 23.5028 36.1555 40.7686 43.7731 38.7943 45.2266 42.783 
24.3422 35.9905 38.3697 41.2425 43.0979 29.3166 24.7874 18.155 19.4387 17.4181 31.5329 30.2066 44.1624 50.1312 42.0688 38.7064 25.1866 17.7194 16.1348 14.9991 27.5425 33.7719 42.1944 47.5171 48.3573 35.6699 28.374 27.1421 18.7235 14.5728 21.0474 23.5288 34.8436 45.2607 47.1319 38.758 39.575 31.5292 21.4903 14.5456 22.6757 19.2534 31.849 40.1556 42.5452 47.1333 40.4108 25.6262 22.655 16.502 17.6411 25.2974 32.839 42.0852 45.8687 38.8255 46.1264 35.347 30.212 13.206 
24.4293 39.7616 40.1207 45.9506 37.17 36.6564 37.6492 23.9352 24.0386 21.3343 18.5594 21.3349 27.2994 32.0006 35.9327 33.9412 35.2246 40.9319 42.6484 29.4594 24.6605 28.0779 21.685 16.775 21.9714 22.6046 34.0883 37.9202 35.8967 37.635 40.821 35.4524 30.9297 35.3715 23.9494 22.3958 24.3919 19.1855 29.1486 29.46 35.9995 36.0491 41.6027 34.3697 40.7295 33.8878 32.6883 26.3955 20.4315 24.9524 25.3634 28.5198 29.0868 34.1211 31.5094 43.5375 37.4759 42.3223 31.9421 32.8973 
35.2861 30.1693 39.4484 42.5375 33.6134 34.167 28.4885 32.2912 24.4984 23.9583 15.8835 22.932 29.7026 33.5952 38.4932 31.835 41.696 38.4359 42.8051 38.5515 34.9461 31.1885 19.0131 18.4092 21.6016 27.2044 28.9701 26.2583 31.5583 39.9736 43.7824 40.9751 40.848 38.1816 26.5036 28.0058 25.4816 24.6209 17.351 22.0492 30.8285 34.5771 40.2469 43.7121 44.7351 34.5975 38.7742 31.9872 31.8327 21.4722 17.729 16.6126 21.6958 23.6195 27.9105 35.718 36.0142 34.735 42.1424 32.0592 
25.3437 34.293 38.2116 39.9892 42.5053 32.7023 27.069 22.3364 21.3176 17.8632 26.7314 30.2757 45.5687 38.7466 44.3744 39.7253 36.5967 25.99 13.0739 16.0105 13.8256 27.7116 28.5977 36.9964 44.423 43.2376 30.956 23.6792 26.6523 21.7737 11.0502 21.5332 27.4375 42.5336 46.5312 49.4928 37.1504 30.8607 26.715 23.3207 14.1386 21.5582 24.8324 27.0154 39.8051 45.779 40.8189 35.4252 29.5666 22.6462 12.8988 20.0886 17.8615 25.0158 31.4907 40.9387 48.5442 42.9061 43.9021 35.1827 
31.3987 24.9653 28.7758 28.0515 29.2066 27.7721 37.1089 28.8364 30.3375 32.244 37.5035 26.5441 36.0212 28.4489 36.3764 29.9429 38.1711 28.0999 30.2058 32.966 38.7074 32.1641 38.023 39.0665 32.1428 36.4759 31.9306 30.5072 33.0331 35.117 30.748 37.887 31.35 35.4752 38.285 38.033 41.6004 32.7202 43.2126 40.1186 44.5204 41.8285 38.7962 40.0053 35.3026 38.6383 38.795 46.2453 37.346 40.4335 35.7605 38.2306 42.7972 45.1616 46.5 47.8927 39.6977 47.7654 46.5461 44.9522 
32.4244 27.8671 26.9347 34.6701 36.8598 33.8218 29.6387 25.8155 34.3915 36.803 26.9604 31.2711 32.4836 34.3538 32.6433 32.7952 34.9383 29.456 36.6924 33.4479 35.1411 40.266 31.8118 39.9387 40.4465 40.4979 31.3181 34.464 31.8126 33.8859 33.7691 34.188 33.546 38.9841 39.9811 41.696 40.8359 43.3476 41.5864 32.6978 40.0943 40.2708 38.6587 37.0113 38.2539 38.667 41.6678 37.9471 35.2142 38.9392 43.0888 46.9445 36.074 45.9129 46.2889 42.4874 37.351 39.49 40.7561 45.9159 
35.6912 33.701 32.233 35.7342 32.7592 36.0698 35.5339 26.6311 27.1744 31.7971 30.7375 28.4921 32.0661 36.3311 29.6023 30.2763 37.9305 31.584 39.6758 35.179 35.8934 36.029 36.002 32.6884 30.8433 36.7226 34.1996 39.5759 40.2991 36.3201 35.1436 32.7044 32.7596 40.9869 38.6747 35.7537 42.0597 37.7087 40.976 38.3483 38.4583 39.5917 44.5658 33.7602 33.6406 43.104 43.6899 34.16 36.4578 36.0082 38.1217 36.7297 35.7692 44.3307 38.1539 40.2806 36.3232 44.2678 41.5968 37.5447 
27.2778 29.8113 27.1318 24.7666 35.9647 33.2965 33.4248 28.5974 30.3351 31.2874 31.9445 35.6362 29.1589 28.2079 37.7905 29.7823 35.2679 37.6611 34.1102 31.846 33.3598 30.3534 39.5751 30.9881 34.7353 42.0485 32.7066 32.754 36.9823 31.2923 37.26 33.0529 37.3615 33.2891 41.144 34.2753 40.1053 43.2437 41.0522 45.2657 39.9565 43.1856 41.712 36.9456 42.4863 38.78 37.2036 35.9647 43.3561 38.8181 43.9101 39.3856 39.0952 48.455 44.0903 41.0704 39.6853 44.9884 42.0044 45.3073 
25.691 33.3709 27.1828 35.2622 25.9799 29.8029 35.3159 32.2472 31.83 37.2008 30.2565 26.6136 37.1233 31.2693 38.362 36.7616 37.1962 36.8399 30.8332 30.0534 35.8157 30.2305 37.6387 33.7949 38.6424 38.5806 31.5159 33.4933 35.0568 33.4229 32.161 40.8284 36.419 40.0272 32.3955 33.8878 40.2681 35.7221 39.9814 43.7978 36.6652 34.6545 41.4373 42.1716 34.4867 40.495 37.1326 35.8737 43.3707 35.9215 38.2407 35.5493 37.2615 39.342 42.4691 39.6936 39.8102 36.7064 47.602 37.637 
34.3622 27.1068 25.2088 30.0992 36.0317 29.542 31.7275 34.4601 37.1769 31.7029 37.4628 31.3253 38.0778 30.9719 37.5592 31.2733 37.0156 32.6973 33.4392 31.7798 30.3118 39.5534 36.1439 32.7719 33.3515 38.1071 29.9292 39.043 32.7229 35.6028 37.8848 33.363 38.3103 37.5503 40.2664 42.4923 37.1751 43.1976 43.7339 39.2653 42.1209 33.6897 40.1529 43.6236 36.7854 42.0456 44.8601 45.429 34.2198 39.0834 37.2724 39.7377 38.757 37.2856 41.8775 38.0284 43.9107 38.4414 40.1264 45.236 
33.8059 34.7596 33.8189 31.3703 35.8644 33.6325 29.4165 37.2174 27.6463 35.8945 28.3552 30.4921 35.0868 38.1755 28.0147 27.1686 28.0376 35.4859 34.8621 39.3668 38.0177 36.4707 32.2268 35.1551 39.654 29.5228 35.3367 33.6498 39.9021 35.4978 30.9373 40.9889 30.9786 39.8426 38.0169 32.1054 34.5056 36.1453 38.8235 32.8332 37.1936 34.0818 40.7657 37.994 33.5275 35.1382 42.446 36.5786 35.9507 45.6795 44.0925 36.1107 39.3849 46.5171 44.0997 44.4446 41.2366 36.67 41.6091 45.4775 
35.3658 25.4839 31.5284 28.9865 34.3913 34.8206 37.1329 26.5111 35.3009 35.403 35.0674 37.9181 29.8463 33.8361 29.847 30.818 33.3445 31.1797 39.708 36.6664 35.8758 38.4911 33.4345 40.9596 38.3968 42.1902 41.7851 35.5207 35.7605 32.4343 43.7887 36.2159 43.2886 33.2066 40.4265 43.914 40.9193 42.7477 36.3027 40.8147 39.8725 39.6253 40.9837 36.063 37.562 47.3014 39.2464 48.2103 41.629 39.4752 41.9165 38.4426 49.1552 40.0426 46.1958 43.1266 41.5997 43.5265 41.2354 50.3017 
25.0866 33.6042 27.7344 36.812 26.7692 29.2883 31.4316 33.5368 31.8486 27.342 31.3251 29.1236 37.752 31.0719 36.7494 28.0564 35.8491 33.8484 38.8098 29.0564 35.6494 32.2492 38.6362 38.094 33.2749 37.9128 31.3777 33.6757 38.9015 32.821 39.5781 36.6843 43.2105 35.3478 42.882 33.9724 37.5428 41.299 42.1035 40.3543 40.0002 43.3793 44.4449 36.157 37.6192 37.7106 39.4305 40.9199 37.5259 40.3373 41.1443 48.3568 40.9312 46.4104 49.7314 47.0844 48.6435 39.2195 43.8585 44.7519 
25.8974 30.3572 26.7253 31.9482 31.5096 25.3241 32.7738 33.0046 29.6269 29.8805 37.0871 29.2395 27.5392 32.8076 35.3457 33.2183 30.8467 37.8286 33.0274 32.7207 33.4903 40.8691 30.8909 29.7782 34.5049 35.4544 34.3597 32.074 41.2569 34.5786 37.5482 36.1887 36.9847 43.2438 34.9508 36.1548 40.8654 42.2105 35.5956 36.6436 33.8607 37.4821 36.4255 44.0834 35.0005 43.5379 38.0046 39.0922 41.1904 42.8057 47.2735 35.8929 42.9993 42.0785 42.1655 39.5644 46.1136 39.7445 47.3587 42.8935 
27.9149 31.2197 25.4599 31.441 28.1805 35.8317 34.2307 34.7097 31.8268 36.2504 33.6007 36.2327 33.1625 33.5251 38.4085 27.786 38.2295 35.3426 38.4068 31.7514 35.0484 38.4923 34.3274 30.5224 32.4229 34.2892 41.16 30.3691 32.303 32.8249 34.9589 42.031 35.355 35.7239 42.0912 43.0975 41.0125 37.5009 34.3859 41.3779 33.3503 33.3386 33.6597 39.5846 34.3911 41.1723 40.9418 44.6002 35.6908 43.7073 37.4511 41.9849 46.2375 38.7559 45.6682 42.8943 43.4515 43.3451 40.2984 39.8326 
35.1132 27.1904 32.3818 35.2564 28.9799 30.1395 33.341 28.367 33.5965 28.3666 26.4251 25.864 25.9907 26.2331 29.7679 30.1098 27.3303 25.8835 26.5055 32.7351 29.0269 27.8246 24.7139 34.8752 29.7947 35.5663 32.9517 41.1319 44.4593 37.9397 43.838 34.8279 42.4491 39.8268 34.743 35.7742 36.0166 40.9744 40.1797 45.3021 37.2016 35.3739 41.9886 39.9425 43.4215 39.1702 44.7604 33.3542 33.6818 37.3492 44.752 44.7395 40.7702 39.4049 44.8878 37.2934 36.5857 33.7802 36.5053 40.6512 
33.6538 30.231 35.9104 33.0079 28.2796 25.9408 30.4197 30.5101 26.0542 33.0288 33.9807 35.624 29.436 33.1059 32.5294 27.4886 31.4476 33.1724 28.8098 28.9266 32.9121 43.3228 41.8815 34.5243 34.406 38.3856 41.9593 43.9185 44.9551 36.6563 36.476 35.6252 37.5762 41.8404 39.9374 39.6701 44.5056 41.5352 35.1731 36.0534 45.4634 42.6031 37.1862 35.4485 39.9294 42.3567 36.6971 39.4953 35.3982 35.2146 41.8551 43.5164 40.7372 40.1519 45.5195 33.8981 39.4479 44.0374 40.3201 34.6623 
34.6259 29.5667 32.0502 35.3662 32.9495 24.4616 34.4529 28.3762 24.4285 32.482 32.1141 26.8423 29.2292 33.677 29.4282 33.5437 33.2385 33.5609 30.0683 30.9595 30.3184 28.111 35.2042 38.5437 41.6886 34.5425 34.0894 43.9143 34.3258 42.0635 44.254 32.3961 33.5066 37.8563 42.2045 42.1575 42.3826 38.5368 38.2643 36.1972 39.6469 41.6835 40.1731 44.0153 37.347 40.4221 34.9057 43.1883 40.5719 43.579 38.0098 35.4708 37.2496 41.6177 40.8741 44.0454 43.9955 33.0435 41.3126 41.3284 
32.4325 27.1724 29.1414 28.9857 28.9979 34.0802 34.3284 32.9216 28.0045 25.3224 33.7019 25.0899 26.9815 34.2858 35.6864 33.4992 28.7235 26.763 33.862 25.5012 28.1966 31.9885 24.4781 31.2239 28.7948 29.1862 45.1232 37.6268 39.3281 38.8613 37.0814 37.8082 37.7814 36.3782 36.127 34.8866 36.5692 43.6484 34.1771 45.2892 39.9505 37.6796 40.6156 45.1727 40.3559 43.8419 37.528 40.0346 39.6755 43.4251 41.9442 41.9431 34.8502 36.4256 39.3097 35.9761 35.8197 43.3455 39.7574 35.5248 
27.8106 28.7548 32.4325 33.3079 26.9826 27.1544 34.3736 33.2675 30.177 31.3139 32.1122 35.5571 30.5192 27.479 31.665 25.5846 31.3213 24.8273 26.3755 26.8768 29.5542 28.3369 31.6778 41.9277 44.4972 38.6863 44.8978 46.4328 39.8577 40.2922 46.1152 45.1934 46.9825 48.9556 37.8626 42.1437 39.2709 38.4667 37.7642 41.0806 45.8996 46.2628 45.9477 47.2436 40.3002 46.225 43.1025 44.5637 46.009 47.775 43.6467 48.2388 40.6087 42.6111 40.4372 49.5075 38.687 40.1133 44.445 48.5282 
32.6605 35.8832 27.0002 35.5399 33.2907 32.7222 30.4473 24.7186 26.7013 26.4016 27.9531 34.7316 30.1755 32.789 27.4823 25.4057 26.5599 29.0114 25.8361 35.2733 24.0275 34.3875 32.0935 34.5418 29.375 29.592 34.8554 30.8799 44.957 45.2706 38.4425 40.2481 37.4422 47.8926 47.0292 46.9385 47.6091 37.2535 36.5917 45.3415 41.4482 44.621 47.3854 47.9737 44.8219 36.8113 39.7425 43.9975 40.5662 39.8695 41.952 44.4157 38.9699 43.4518 41.525 42.7772 40.7307 47.28 39.8651 39.1748 
34.6571 28.7107 30.0555 27.4603 24.6489 29.567 28.9964 31.3936 30.8134 28.8359 27.6553 29.1238 34.9997 28.4977 27.0997 26.5011 34.6079 33.6054 26.4181 25.6312 31.2243 33.7434 31.7171 29.4708 30.3687 45.688 43.1226 45.3931 37.4865 38.4002 43.9757 44.2217 41.2788 36.9265 34.5965 41.9611 41.7936 45.7479 38.4479 44.0223 42.0742 40.0163 38.8434 43.2431 36.7253 38.3443 38.8493 40.2319 36.621 36.1994 46.0034 36.5626 42.6849 43.9569 43.8985 43.3216 45.8239 34.4452 42.7517 45.208 
33.0156 28.9296 27.6873 27.0193 26.4809 28.7603 34.7992 35.7198 25.4546 32.2195 25.0906 33.3446 35.0717 31.264 30.6867 25.8758 25.1237 26.9587 34.2983 29.2527 25.4964 27.4442 24.9522 30.0312 29.1018 33.8026 29.8674 29.6383 29.0772 32.243 31.1017 25.1982 29.6864 29.0882 30.5637 26.5709 32.8008 34.4138 35.3899 42.5437 39.6915 32.3669 36.2914 41.1027 35.4516 36.9561 40.0745 33.7183 32.2928 42.2995 36.0009 35.4758 42.3564 38.3207 41.4248 38.9508 32.2219 33.6563 34.5816 42.8606 
30.3301 24.4719 33.6891 33.5022 34.7404 26.4497 30.5666 33.5191 29.3956 26.0542 33.5947 28.8991 35.9941 33.7071 31.6305 34.819 33.6891 31.8831 34.6692 34.7158 25.8769 34.9589 28.1672 28.5847 29.1708 33.5484 46.3479 41.4863 41.6651 41.3794 44.0381 41.0405 46.067 40.06 45.3597 42.1891 47.7037 42.8641 41.1837 44.1005 43.4821 45.7523 41.4723 41.4037 42.1399 38.6157 46.2877 46.494 46.9681 40.5668 37.6881 37.1252 46.0754 40.3967 39.5272 37.232 48.1785 41.1279 45.4721 39.5661 
29.6376 25.134 30.6742 25.3631 27.1261 35.1528 28.6288 33.6002 26.5015 30.0312 25.6147 35.3838 25.5596 35.6357 24.6478 26.4901 28.5164 34.6005 25.7994 24.4072 32.0792 27.6667 24.1719 33.8011 34.2906 36.6396 42.2702 44.7802 44.8694 34.8531 36.7744 40.8381 36.3161 41.7682 35.1517 39.501 37.814 36.0018 34.5784 39.5869 39.7529 43.7328 42.6797 42.5049 43.2727 39.4338 39.9218 40.2329 37.6601 45.2608 43.933 34.44 40.7576 41.4186 42.9881 38.9909 44.8213 39.84 41.1998 36.127 
28.2667 25.665 29.556 34.0361 25.0818 30.0679 27.7827 29.1411 34.2418 31.4065 32.9418 24.1425 24.1234 33.9087 33.5304 31.9576 26.767 35.9126 33.9296 35.2399 28.6013 28.2917 24.5317 35.3937 29.462 29.4767 34.6134 33.8319 28.1231 28.0853 29.1807 24.0709 35.4892 35.1018 30.7069 31.1303 30.0885 32.3833 44.0156 33.7118 38.7893 41.029 35.6368 37.0153 43.5448 39.0064 40.8142 36.9646 43.0546 37.3476 34.2362 33.8502 40.7804 42.7601 34.7554 40.7066 35.5075 35.4627 33.6115 41.4484 
35.4011 28.1367 26.8173 27.9553 26.8617 35.5832 34.1018 27.9917 25.8761 27.2785 26.1717 25.3084 31.113 26.048 28.4698 28.8253 30.8123 28.1867 30.6812 31.488 33.7805 26.294 28.0357 34.0012 42.7304 43.5453 35.2219 38.9521 33.6384 43.0341 43.3359 32.6833 41.2094 33.37 34.9935 31.9206 40.8884 41.4286 39.8459 32.0175 40.371 32.7806 32.7721 42.3268 35.1528 40.5201 42.253 33.3226 36.3077 41.3273 42.3639 39.5176 39.9987 42.4175 42.3948 42.5181 42.892 42.8207 36.0466 34.6931 
35.9695 24.4447 29.3614 29.2175 34.4507 32.9682 35.252 27.7412 31.5882 35.8142 30.5215 34.6732 32.1262 31.7039 34.2866 25.0308 31.9554 35.4874 24.5189 27.421 36.5746 42.0517 35.5325 43.3987 42.8585 41.4307 42.983 40.0283 33.1819 42.42 37.3921 36.1178 36.2001 43.1725 42.6833 43.1214 38.6127 38.4467 35.5262 37.6164 35.9599 43.2044 44.5106 44.3233 37.7519 36.6055 42.9011 44.204 43.857 40.3662 39.963 44.9344 39.1518 34.0349 35.809 43.3836 35.3834 41.4822 40.198 36.9095 
28.0556 35.4312 34.5513 31.9173 30.6514 34.6395 25.835 25.5585 31.7381 34.7933 34.4254 35.0783 34.8664 35.0952 27.1383 32.1111 33.5734 34.7985 24.5042 26.5437 30.4502 31.6584 34.7202 39.0292 42.8835 42.3088 36.1395 33.1999 43.2056 36.6478 43.2584 41.083 41.1903 34.7823 33.9744 36.8883 43.0517 33.0009 40.8157 33.3307 34.7166 43.4208 39.5154 36.8721 33.3733 43.1329 42.9191 38.2408 33.1886 36.2714 36.6099 32.5852 42.6118 33.8499 40.9013 33.5422 31.6451 38.9811 36.3558 39.4757 
29.9625 28.9806 26.8434 31.434 32.2158 25.1244 34.1444 33.0784 32.7193 31.7707 24.6353 33.9087 30.3316 34.8866 26.6047 32.6175 24.9856 28.5939 33.8136 29.2883 30.2089 33.2565 24.9419 34.7511 34.5289 36.9908 39.0993 38.8955 44.7079 43.2482 43.3316 39.3711 45.9965 36.9012 40.7926 42.3735 42.3037 45.5988 41.3284 34.797 41.6938 36.621 42.325 44.0197 41.805 36.4506 44.5327 37.7862 42.9115 38.9363 40.2741 39.2973 41.0787 45.3799 39.0935 45.7556 45.4119 44.384 45.4835 42.5365 
32.8617 35.7793 31.8504 25.3539 32.9183 35.7459 35.6089 27.0046 25.7806 26.1369 29.5799 28.0376 29.5869 30.5016 28.1029 25.2779 24.585 33.482 30.3492 35.5762 31.4391 30.1781 30.1542 25.7054 34.255 35.9633 40.6107 44.1867 49.4177 49.4831 45.7415 50.7235 50.9993 45.1124 46.3826 48.0711 43.2102 49.182 51.0085 46.7003 49.4056 49.9421 46.2714 45.9291 43.3869 48.2731 52.0991 44.6185 51.1848 48.6502 42.0061 47.0969 50.5616 43.2686 52.3837 43.6303 43.1328 43.8558 40.4403 47.0411 
26.7435 28.0269 34.5234 26.8544 24.1954 25.6382 32.7982 31.2787 35.2924 33.388 25.3007 35.1172 30.0305 35.1341 35.9747 33.9722 29.8836 31.868 28.0548 28.9314 28.3016 44.4724 43.3164 39.1154 40.4308 34.852 36.6202 33.5363 37.8361 40.6791 36.4101 44.4218 40.8998 37.7237 35.3342 39.1456 40.8083 41.6001 37.0833 41.5395 35.8252 34.7488 36.2948 43.2804 33.9094 38.3046 45.103 40.0508 42.0051 43.4512 35.8622 42.4311 34.8619 40.2817 36.5592 37.8416 34.6188 39.2583 43.8761 42.2834 
31.6995 31.7017 33.4405 32.196 26.4747 34.5348 35.758 27.7871 35.3831 34.8884 31.4138 33.3931 32.5008 26.7582 31.0495 33.1944 35.0217 31.3047 35.7227 28.9354 28.9766 26.3994 33.19 34.5315 46.2239 44.6408 38.8571 41.5496 41.7412 45.2603 37.9963 45.2978 38.5872 43.8252 46.9095 40.8585 45.0991 44.9177 41.2789 42.6461 43.2351 45.1127 41.5855 36.8187 46.0432 36.5528 43.7231 40.5151 41.782 37.7117 36.5062 44.831 46.1718 40.424 41.7581 46.4655 45.058 45.0213 46.5041 42.0677 
30.74325357142857 30.610946428571435 32.188266071428565 32.47525714285714 31.35068928571428 30.81609285714286 32.10643749999999 29.971676785714294 28.80414821428571 29.721485714285713 28.999683928571425 29.5922375 30.638178571428572 32.25832142857143 31.777167857142864 30.904492857142863 31.876487500000007 32.230891071428566 31.27295 30.479667857142857 30.22413392857144 31.363376785714284 32.08232142857143 34.111819642857135 34.329967857142854 35.6909107142857 35.055387499999995 35.83671428571429 37.06693035714285 36.82233214285715 36.96073035714286 37.00669107142858 38.02839107142857 38.34152142857142 37.346910714285706 37.20609821428572 37.3091375 36.540417857142856 36.28632321428571 36.62538392857143 37.21550714285714 38.63498392857145 38.794151785714284 39.742755357142876 38.99168392857143 39.518571428571434 39.25220357142858 38.099958928571425 37.16790892857142 36.82859821428571 36.24446964285715 36.801601785714276 36.91308035714286 38.56674642857143 40.123721428571436 40.44597321428571 40.3790375 39.77203928571429 40.046325 39.04803928571427 
25.535 29.2788 26.5951 24.8351 30.0958 24.5192 34.3383 32.7064 35.1334 26.886 25.495 32.7123 29.4437 27.9028 25.4079 27.3061 28.9402 24.325 24.6368 24.1072 30.7484 31.0102 26.0902 34.3971 31.2511 34.3027 40.006 39.6839 35.7958 34.7533 43.4938 43.8126 43.6767 34.9424 42.4282 40.0655 40.8965 45.5124 39.309 38.3168 35.9589 40.8847 44.8838 41.8406 38.8375 46.0706 41.9394 43.1292 38.9242 41.8777 42.5585 40.1334 42.0404 41.892 39.1746 34.1984 42.0437 40.7867 40.8168 37.1365 
32.9495 26.6194 29.0166 31.0796 28.4496 33.9766 29.6251 32.6844 27.5635 30.3261 31.0429 34.1176 26.8147 32.283 31.0462 25.5353 27.0696 33.0009 32.8349 31.3036 27.8092 26.8746 32.5959 34.5003 26.5019 30.9753 28.8991 28.4459 33.9821 34.4048 31.7428 33.1889 26.489 29.3665 31.0069 29.1991 25.7693 31.0741 45.2719 42.0165 46.1412 46.5014 37.835 36.8556 35.2957 39.0332 43.8717 43.8064 35.4529 35.9115 36.4892 45.9047 35.465 46.1176 44.0719 38.6829 41.3159 43.8824 41.0427 40.5231 
27.6766 32.6936 30.8854 28.7287 27.6906 29.7734 31.1013 33.0556 25.6602 33.6832 30.1719 26.7824 25.7164 35.1135 28.7202 35.801 29.3452 26.7696 27.0644 33.6186 30.2009 26.4494 37.3387 39.4238 40.8589 34.9569 35.1424 39.7613 38.2241 36.6601 33.7157 41.6686 37.6707 40.6999 33.0 38.2057 39.2486 43.0556 38.6251 37.801 31.9689 39.8248 34.5251 33.5927 39.1469 43.1129 33.0397 41.142 42.8745 38.3768 35.9201 42.4376 33.1693 37.0269 34.4671 41.1416 36.2789 35.1336 38.6431 42.93 
35.4279 29.9875 27.5962 30.4061 30.0577 27.9109 34.9207 33.1853 31.8093 28.136 30.8986 28.0581 24.0617 32.0454 30.4678 27.2525 33.6391 27.3546 28.3758 34.479 31.4145 29.086 44.4048 41.9019 43.9682 45.7217 35.7039 40.7752 43.792 35.8865 39.0769 40.0775 44.0637 45.4474 36.7281 36.3936 38.9127 38.0861 40.6974 37.68 34.6985 42.4149 44.6832 34.8057 40.6302 43.2463 38.8844 36.7593 36.8453 36.7413 38.5826 40.5446 42.1615 39.2373 35.1024 41.4289 36.7054 38.0931 36.478 38.7963 
34.8447 30.1876 32.9132 28.9971 26.1468 29.7911 29.2707 30.5637 24.8284 25.5056 25.0389 27.4273 30.3356 30.4921 24.4528 26.1365 31.4413 35.122 35.9115 32.8739 29.7687 28.1635 33.984 30.5666 25.7311 43.6075 37.5767 41.2335 38.0989 40.1594 37.602 35.4777 37.9307 39.9754 42.7802 34.4781 44.4474 36.9704 41.1964 38.1437 39.0786 41.1027 37.9535 40.5512 41.5291 41.6069 34.6136 38.9692 36.0729 43.1048 42.6972 36.9873 35.8732 36.5962 39.8575 39.1106 40.5325 38.0603 36.0718 40.2108 
29.6713 32.0359 35.61 34.3365 35.8678 26.1497 28.4356 30.3562 27.233 32.0171 27.4431 29.7815 33.1518 33.0993 29.8436 35.7433 29.8535 29.527 26.1805 25.5945 27.7526 24.2574 31.3249 33.9087 28.5183 27.0248 25.9955 34.606 39.8024 39.8986 35.8511 34.2578 40.9687 42.6278 39.9302 36.76 39.1837 37.4228 43.3479 38.3034 37.4471 39.4257 42.5646 38.1609 41.8952 36.4145 37.6362 43.7155 37.8128 44.2223 35.9224 42.7875 38.0526 41.1923 33.6339 42.4508 40.296 43.7607 43.2771 42.3473 
27.9542 24.5607 34.1419 31.0212 30.4197 35.8784 33.0931 29.2971 33.3975 35.8076 35.9798 33.1324 31.1509 30.9629 24.6555 25.6903 29.3067 24.7998 30.0286 25.0638 32.2052 26.9822 33.2668 27.1911 35.1649 35.9802 31.5398 32.742 41.0596 42.8807 38.0172 40.5073 46.0872 41.8969 36.2031 43.9118 42.8575 40.056 36.007 38.1751 41.1782 46.8844 42.4176 46.0141 46.3718 36.574 36.0368 37.0466 36.2623 36.5729 45.7351 42.249 40.4673 41.6317 47.0346 45.1655 47.114 36.4448 40.0729 44.3308 
26.5753 29.6302 32.9267 26.5386 26.8485 29.3151 32.8493 28.3589 33.1008 34.2932 34.8201 32.2948 26.6473 29.1536 28.7213 27.1801 27.1742 26.3605 33.3329 34.822 29.6185 34.5058 34.8366 42.0338 45.8539 41.773 39.743 34.967 44.4009 40.9758 36.2871 42.5945 42.4553 42.1237 41.0114 45.6813 36.6202 40.1606 36.6092 43.1574 38.6689 40.266 36.4564 34.501 45.6589 34.7055 35.2299 43.0447 43.7215 35.0782 46.035 36.1748 44.4045 43.0109 45.432 37.6135 38.121 40.899 38.8118 35.0702 
30.9643 27.7563 27.5143 31.4164 35.2993 27.8756 34.9042 25.1336 33.4908 26.2929 26.9491 31.853 25.965 31.1149 29.3948 34.7221 32.5445 32.9594 34.4349 26.6363 27.7343 26.1328 34.9494 35.375 35.2755 33.3075 24.1733 35.8601 31.889 28.7904 34.8668 32.6829 26.0858 34.5058 33.3663 24.4899 34.1544 31.0895 40.1344 33.8325 39.1708 39.173 35.0814 42.0256 35.7935 32.9149 33.5795 38.9494 44.3835 43.1144 33.5692 37.1096 38.5234 37.5128 39.1895 43.2961 42.5019 43.9098 44.0864 43.9799 
29.8729 27.1375 35.5832 29.0283 24.094 35.5057 32.4244 35.6754 28.1738 24.9269 30.5295 35.6732 28.0618 29.0283 32.8074 27.7974 35.003 33.4684 30.1135 33.5418 32.4203 34.5175 42.4794 36.5999 46.1564 35.8974 34.9606 44.3041 39.8883 39.1612 39.007 40.8787 41.8177 41.1406 37.5209 44.9747 39.7569 37.3472 40.7792 41.3521 38.6798 44.8513 39.9739 43.5367 42.7148 43.4937 40.6878 37.0178 46.5633 45.2527 36.7919 41.0131 44.2358 39.4521 43.9645 39.491 44.9607 36.7912 41.2981 43.5466 
30.8949 35.6526 26.5059 33.7188 33.1544 24.2648 27.0461 34.66 28.7801 35.6699 29.1249 30.6827 25.4039 33.0883 34.3196 24.4653 34.8767 35.6144 31.9808 34.3997 32.9606 39.2874 42.1819 42.653 36.1224 34.1144 41.3108 32.6022 37.0716 43.6926 32.3837 33.2636 37.6074 33.4193 32.3514 43.7771 40.7405 35.0894 33.9209 32.3257 44.2985 41.244 35.2208 35.154 34.1743 32.9393 42.2289 36.472 33.254 33.016 42.8344 41.7599 39.438 34.8308 41.6509 41.0141 41.1463 35.4533 34.1247 33.7751 
34.837 30.9834 35.2692 34.6413 34.638 26.1563 29.2891 31.6385 28.5664 34.5436 30.3433 31.8284 24.6386 24.2765 31.1509 34.8029 24.6467 30.3837 28.0203 30.2328 33.544 25.8596 24.0874 45.9048 45.5728 39.3741 47.0902 39.6565 47.5466 47.1265 44.5989 40.1317 45.6121 46.7711 39.0661 43.4628 42.259 40.1284 39.2746 46.738 42.0927 43.823 42.4122 43.5718 42.5601 40.3961 49.8586 44.4238 46.6943 43.8575 40.5081 43.8274 42.6046 48.4044 41.8812 43.2002 44.8472 44.1924 48.2157 39.3628 
34.6989 25.6092 32.5066 27.8452 26.7035 30.755 24.6379 31.2148 33.8033 28.1705 29.9468 29.9783 31.5387 34.8616 28.1617 34.8275 35.9255 32.9848 24.3125 25.7667 31.4197 25.0183 29.1128 38.6137 34.0954 40.5545 36.3711 39.6698 38.7911 40.5027 37.9718 32.2472 39.7058 33.0268 40.3044 44.0089 36.6315 41.1563 33.4157 41.7145 35.8019 43.8679 33.1924 41.0484 34.7788 40.9845 32.5549 43.9623 43.4577 33.7789 37.0908 35.5533 34.7785 35.962 33.5967 37.8367 37.6031 43.2352 34.7832 43.3075 
