30.38374807692308 30.451909615384604 30.30638461538462 29.636725000000006 28.94944423076923 29.829417307692307 29.149749999999997 29.824238461538457 29.213053846153848 29.752646153846154 29.424953846153844 29.20661346153846 29.374763461538464 29.17373461538462 28.857334615384616 29.111592307692305 29.212992307692307 29.274028846153843 29.98938076923078 30.032484615384615 30.35776346153846 27.495605576923083 27.76014615384615 27.574619423076914 26.02701346153846 24.880472884615383 24.517470000000007 23.948493846153845 22.651377500000002 21.549627884615386 21.598690384615377 21.123803461538465 18.920678653846153 18.32005480769231 16.026243846153847 15.178393269230773 14.005892884615385 14.059459615384613 14.246837884615386 15.216344807692307 14.853755769230768 13.917988653846155 14.24661038461539 15.095795576923077 14.348447884615382 13.793212692307698 13.023314615384619 14.38535423076923 15.450605961538455 13.931512499999997 15.279484999999996 14.930135576923076 14.586311153846152 14.080306153846156 13.967937692307695 13.84845192307692 14.486358653846157 14.533050000000003 13.528483269230769 14.48913076923077 
30.6959 32.6666 34.2234 33.1828 34.8351 33.391 33.1745 32.8038 24.1163 25.1895 22.7392 25.0529 32.6791 31.1964 32.1598 29.3805 23.5885 31.7861 24.2653 30.2981 21.1997 26.2385 30.8587 29.9837 21.0293 27.8689 18.415 19.4992 23.458 24.5885 25.9576 23.9212 26.1886 27.1013 27.9835 21.7127 20.9579 20.1101 16.1708 26.0014 21.9504 22.9711 17.4637 19.7913 14.9894 14.9998 24.8499 20.7409 23.4144 16.1014 15.6811 15.6725 23.2877 17.7656 21.8166 16.3705 12.1389 18.9965 17.3203 12.9403 
32.7024 35.2191 30.1425 24.2753 28.1559 26.2811 26.8872 29.7385 28.5879 32.1145 28.9522 31.6537 23.86 24.5025 26.1398 26.2832 25.8974 31.7192 24.259 31.1534 27.6731 28.4345 27.9522 23.7635 20.1253 24.8483 27.4951 24.8084 20.7537 24.5176 18.5226 22.4553 25.5328 19.7155 17.4518 17.8218 18.3754 18.6841 17.3308 20.561 21.9886 20.9224 15.342 21.9966 23.5325 19.1055 20.5897 15.386 23.6402 15.9688 16.9737 18.5537 18.1522 14.4306 18.4038 12.0342 16.7271 17.4144 10.6611 12.7071 
27.2785 27.2675 25.767 30.55 26.3835 33.4888 23.1674 22.752 27.1656 22.7127 25.1088 26.7477 29.5044 26.1869 19.6636 19.3808 20.9675 20.063 27.1739 27.0611 27.0354 28.917 25.832 25.6267 21.9361 21.726 18.5811 17.9102 16.3326 23.3351 19.0988 17.129 18.4058 16.1166 17.4014 19.207 16.111 18.7729 15.7 17.0488 14.078 13.2367 14.5454 19.5359 20.2398 10.3568 15.8273 19.9706 15.6576 9.56392 18.9331 9.10485 19.2225 10.8289 16.4595 13.5713 15.978 14.6104 13.9215 14.1991 
34.887 32.4731 31.9591 28.8336 29.6574 26.1797 25.3045 22.5465 22.4446 27.1338 27.9863 30.7601 26.5715 28.4632 27.513 27.8298 25.5591 28.9388 29.1516 23.2954 29.076 23.0652 20.9811 23.8309 26.1567 22.5912 25.1755 25.2925 28.6013 24.0847 22.3065 24.7274 18.4147 23.7242 22.7894 24.1259 16.2566 18.0085 24.135 15.7787 24.604 19.3478 19.8356 17.2888 14.4621 13.2031 15.1357 13.7276 22.1826 18.0942 22.9905 19.3968 19.8402 18.72 19.5318 20.4052 10.7802 17.7403 12.837 10.5311 
32.6914 29.2313 25.8049 24.9521 25.9552 24.0833 24.7563 30.0422 26.7933 27.4313 26.7764 30.8843 30.3892 25.7621 29.9405 22.2592 31.2335 20.8991 30.7823 26.6039 28.1765 28.3758 24.6597 22.223 18.6972 23.9395 17.3301 18.3593 21.8653 20.5652 18.0316 17.2929 19.0701 19.1419 14.4425 18.7685 20.4631 15.2154 20.1455 23.5021 13.8183 21.543 14.4743 22.6142 15.7923 12.0868 21.8015 13.9704 18.3879 11.9257 17.7769 20.2378 14.5013 10.0835 17.8739 17.2832 15.6934 16.0223 11.6904 12.4405 
35.3258 27.6795 31.4366 24.8255 26.8885 31.2295 24.7069 24.8145 28.5994 29.3596 31.7395 25.9837 35.1201 25.9859 34.9615 32.3359 30.1722 28.6115 33.5874 35.2112 30.668 31.745 34.6949 35.5461 33.4754 27.7038 34.3589 35.7896 29.1378 33.135 35.8513 28.9296 8.17668 13.2678 9.46672 14.0368 16.2853 17.4075 9.72671 17.9264 18.9289 13.9402 8.9214 11.3065 13.3677 11.7743 8.34633 8.51195 16.2496 16.6484 10.254 10.5702 19.1878 15.4891 18.1441 11.8522 18.4401 15.2299 18.0872 15.4924 
28.2421 28.916 26.0876 26.2705 28.6475 24.5306 34.5803 33.2326 35.5898 26.0965 30.1329 24.0378 27.6803 32.4251 25.8581 32.987 24.0474 35.1881 25.925 31.8071 30.4517 31.6558 24.9445 35.2861 24.7242 27.7776 24.2982 35.7363 34.5396 28.9714 25.1773 31.3984 29.646 15.7261 5.96756 16.535 12.2092 11.2541 13.771 7.35345 16.9254 6.01053 13.0571 15.9868 15.8535 6.40161 9.94712 14.2289 8.82049 8.6031 10.8909 15.8505 17.5996 16.7513 5.69362 14.7085 8.35853 6.35314 6.59587 7.3898 
30.8222 26.5915 32.7472 31.6264 31.8526 32.2577 34.7195 25.6051 24.2148 29.8303 28.2697 30.5189 27.139 32.9532 29.2079 27.2649 31.0025 24.6011 27.7456 29.2567 25.3745 9.39669 11.8541 18.1791 11.058 12.507 14.945 19.7963 9.56524 19.1522 11.9404 16.0224 17.441 10.9629 10.9959 8.92922 15.0328 8.99128 20.548 17.1395 13.2231 14.9814 10.4121 19.5543 19.1923 13.2969 15.7992 11.8174 12.9246 12.8273 13.1023 13.4493 11.5398 17.9393 8.5429 13.9943 15.7654 16.0962 16.6618 8.96814 
33.3153 32.9826 29.2722 27.5899 25.5475 27.085 35.6023 26.7314 33.6366 35.1866 32.1963 29.3669 27.5374 26.6506 34.0703 34.6145 27.8106 24.4341 25.2882 33.7662 31.5853 33.887 29.6636 34.331 26.1637 33.5316 31.6352 28.1679 25.9613 28.1892 34.9821 27.424 26.3678 12.0637 21.2486 18.8826 12.4306 12.7369 13.4283 10.701 14.3247 18.6267 9.85565 13.1808 13.6663 17.9558 14.8487 16.1726 14.4474 11.9382 15.2743 21.3592 10.4491 16.7219 12.3318 14.5965 21.5953 9.98087 14.815 17.7127 
31.6969 28.1591 25.4696 31.185 33.5712 32.6778 32.5617 35.4165 30.9588 27.2121 25.9973 35.8381 27.0876 35.3889 33.5169 32.4064 31.2577 31.8743 33.1709 29.848 26.1471 35.9497 35.0904 28.494 32.9073 32.0395 32.6091 21.4746 22.7103 11.8553 19.6294 22.8708 22.7335 21.359 16.1007 13.998 13.459 18.5027 14.3557 20.3014 20.792 21.9594 12.1561 13.5071 11.9082 19.8651 21.1265 12.5887 15.0163 15.1449 16.5157 13.3811 19.1641 20.756 13.1373 20.966 22.9766 17.2545 13.6749 19.7571 
25.7094 31.6547 35.516 32.1148 32.5929 33.912 34.7808 32.5922 35.3372 28.2175 35.1554 24.6489 33.8676 29.2064 27.7115 32.4196 29.9104 31.918 32.6961 33.2209 31.5001 29.8583 34.8135 26.8577 27.052 28.1044 29.6489 24.2049 33.1607 27.7589 35.7106 30.6393 25.477 24.2479 28.8414 20.1419 11.702 18.2863 12.9212 21.0551 17.2184 19.1085 12.4214 10.8486 16.1359 17.0818 10.5604 15.2714 21.1341 11.2394 13.3487 12.9822 15.9108 20.7136 10.585 19.3365 18.1897 11.5427 16.4524 20.2542 
32.1552 25.8262 25.626 32.265 34.4845 27.1713 28.2968 29.3526 24.4697 27.5723 24.7653 31.9147 25.7682 30.0242 30.8229 32.5606 30.8512 31.9011 27.7034 29.1458 34.9729 26.836 30.141 32.6807 25.9764 30.7877 21.5786 16.0024 18.9295 21.2283 17.9126 20.9664 14.9198 22.2532 19.0125 19.455 19.2842 18.1539 14.976 12.5307 12.4837 14.3205 22.963 23.1962 20.9316 12.2487 18.8942 20.0286 22.7115 23.1455 18.4587 18.6012 17.8308 21.1188 14.4982 12.119 21.2253 19.8159 13.3154 14.4197 
33.5316 35.3441 34.8032 28.5443 32.4861 30.1888 35.2145 35.8373 34.7819 30.1454 29.4062 27.2914 29.0247 24.3026 34.985 25.5574 27.6931 28.7437 29.6526 25.6896 26.5 35.4907 33.6828 31.9984 27.7005 34.3277 33.9208 28.84 17.4846 14.1808 15.4778 11.6198 10.2802 13.2693 12.3913 17.8717 13.8249 16.2265 10.0528 19.7853 15.986 20.2806 19.9828 15.3081 15.6401 8.52301 15.3529 10.737 17.9231 19.8213 11.5562 15.1488 16.3382 17.4747 16.5111 16.5236 17.7608 14.263 18.0219 15.144 
28.5778 30.8534 33.1823 33.4085 33.3894 30.7579 30.802 35.7896 30.6797 31.062 24.9041 33.4941 33.9146 30.6452 27.363 31.5394 32.4648 30.0731 28.1679 30.7521 33.2583 34.4904 24.3489 32.7387 35.3353 29.1778 34.6376 27.4901 32.4416 27.4302 14.3078 14.9386 9.24233 16.4453 10.1758 19.9038 9.42484 16.3748 16.2199 10.622 15.914 9.29668 10.9312 13.9516 19.0214 10.1582 9.87505 12.558 12.7541 12.3846 16.1898 16.7009 9.58165 11.2639 12.1004 12.9913 15.1784 15.0433 11.3689 19.1143 
33.2069 31.6576 31.9569 30.0918 26.4795 35.0867 27.302 28.6909 24.0672 27.7879 27.4919 24.4473 25.5622 27.5132 31.9712 35.4147 29.9258 28.4316 30.9287 34.5583 28.9604 28.2296 33.8 28.1944 26.1908 27.1272 25.5974 26.0619 31.889 26.2547 33.4401 13.4183 10.7662 18.4694 18.0875 11.4907 11.5646 12.8138 15.2481 11.7665 9.8232 13.4704 12.8094 14.8714 17.9612 18.5112 12.8491 19.6779 18.0243 19.4535 17.2719 12.8869 18.5208 18.7705 12.8821 9.29587 19.339 10.2929 19.6522 10.7809 
27.8716 27.0351 28.2645 31.3723 34.9079 24.3547 30.2067 28.6332 31.3477 29.7808 31.127 30.1451 26.8996 28.2241 28.1624 26.427 25.9911 24.2912 32.0388 25.9925 31.4333 26.7832 30.8351 27.1702 18.0266 10.5709 17.142 11.8599 17.0972 13.3703 18.0387 13.4584 11.2103 11.0131 10.6385 13.8579 18.3769 15.2075 9.26989 8.22185 16.8713 13.3214 14.5134 16.5085 8.07055 16.0117 16.2155 9.74617 10.5052 10.3958 15.1428 9.02496 17.0803 11.6774 14.0122 11.6318 13.6148 15.0496 18.8822 18.4548 
29.8509 25.7777 28.8859 30.3456 25.2192 26.2419 25.7909 26.3381 24.029 24.1634 28.4092 30.86 28.9116 28.0824 28.002 25.5056 30.4142 25.7292 32.8533 28.8833 28.8396 34.3192 27.1845 34.8657 28.4742 29.1341 30.4943 34.6255 33.1504 24.5082 24.5538 26.565 29.993 33.8554 8.14042 14.0027 7.82791 7.85876 10.0092 6.12952 12.232 10.011 12.1005 14.8451 11.741 11.4403 5.80527 10.0716 5.59265 16.672 12.9455 6.65538 15.1547 10.5637 10.2817 9.57184 9.1488 9.65777 5.58567 9.82632 
25.6319 35.9824 25.3374 33.038 25.8299 31.8243 30.7579 31.0036 34.1176 34.2737 32.4012 27.1364 30.614 29.5828 32.9737 26.6495 25.8666 33.8936 27.2029 30.2086 33.2554 27.1188 33.2429 31.4641 29.765 30.0158 31.4127 27.8661 33.3468 7.21769 8.93921 7.27754 17.238 16.2329 11.7896 8.52352 10.5506 13.9565 10.7338 7.35319 14.7802 11.9203 18.6573 9.18488 7.8023 15.8925 13.5603 15.8863 13.9606 13.4119 13.5607 12.8505 11.9824 16.9031 9.2172 11.0882 14.764 12.3386 10.7492 9.34499 
35.6754 32.2518 33.3593 31.0572 24.0617 29.028 24.791 27.4603 25.8592 28.45 30.4352 27.9619 28.9479 27.2363 28.649 29.5072 35.8707 31.6073 25.4083 30.5079 32.4538 26.5801 27.5932 34.2766 27.1449 33.9384 27.0156 12.5934 10.9097 4.92989 4.46316 5.0015 11.7723 15.0861 10.5252 13.9345 10.9001 15.1514 8.88485 14.3744 13.3638 13.3539 6.82695 14.9072 4.36401 15.2003 14.2543 8.83894 13.1549 7.69542 8.30023 15.678 14.1644 10.8017 9.08425 5.79139 10.1422 16.0185 12.784 12.4366 
24.8141 27.7141 29.1789 27.1889 29.5351 28.6137 33.3024 30.8486 29.4334 35.982 27.3531 32.5929 35.5876 33.9575 24.842 27.9248 31.6007 35.0504 32.099 28.718 27.6388 33.8444 32.2411 34.6053 27.4419 29.2553 28.1992 31.7461 33.5249 28.479 32.3737 31.3818 29.2773 20.8048 13.6481 19.0315 11.863 9.94244 9.24031 14.2793 9.65527 12.398 18.6312 19.3381 17.3023 10.6927 15.8124 16.6534 19.2243 9.61929 9.95896 10.3177 10.5766 19.4648 13.037 10.4316 9.57155 14.5301 9.3178 11.7536 
33.9953 33.5187 35.9523 30.899 29.5579 34.1485 27.1048 32.8419 29.397 29.4962 32.8944 26.4615 32.048 33.6212 24.2633 29.4885 30.2012 33.0865 33.3028 24.4579 26.3396 31.8027 32.2595 28.3824 29.783 31.3099 30.2901 26.6084 28.0005 28.1015 34.8649 35.9537 27.3233 31.3694 11.1374 13.8015 22.6181 13.3748 21.2293 16.2031 20.7199 18.0268 13.9044 19.8148 12.2577 13.9414 13.1615 16.3129 17.697 19.4259 19.7879 22.7316 17.9985 13.4578 12.3885 13.6954 15.0273 14.6796 12.7403 21.6696 
31.7748 33.5099 25.6154 27.6997 24.8284 33.0674 34.3104 28.609 34.4904 35.7514 25.5625 26.6921 34.9699 30.5953 26.5448 35.8281 29.3379 24.6779 33.3226 33.9619 34.9277 16.2939 8.8783 12.9012 7.9059 6.08339 6.62394 11.3636 9.33549 11.3677 10.1111 15.2907 13.9206 10.5826 15.9774 16.3251 11.8146 11.6747 11.0107 16.201 9.24405 15.829 10.2763 16.1448 13.6753 9.32594 10.8492 6.77156 17.498 7.97347 16.4496 9.99097 6.17777 16.1107 17.548 13.86 10.8007 8.85076 10.0284 8.33224 
31.5897 32.146 35.1469 31.8717 31.4891 24.289 25.4035 33.5925 33.9531 26.1912 27.6538 27.811 34.0284 24.5872 27.6935 32.6341 32.865 24.094 29.5839 24.249 34.5036 28.2715 29.7499 34.1878 32.3454 27.5664 30.5817 31.806 9.88283 11.1993 12.8327 9.13407 16.9257 8.5803 15.2912 11.9606 7.85137 7.71733 11.2555 15.7631 9.63165 10.0286 8.1804 17.1945 17.3668 8.85645 11.8981 11.1042 15.4914 17.5996 15.9181 18.1196 16.8659 8.0941 19.3336 14.3875 10.3279 15.3144 15.0404 10.5321 
32.7497 31.8846 33.8753 31.0756 31.9044 28.2462 24.1403 35.2064 30.928 31.9213 26.2228 27.8242 26.1369 25.6011 26.7218 34.5432 26.5716 31.3594 34.4389 26.4975 35.9666 13.5685 15.1072 18.3347 15.9283 11.1845 13.6592 9.95838 14.2798 14.5101 13.736 12.1184 11.2767 17.2462 11.8672 12.0798 12.2755 11.6259 12.4632 11.1665 11.7578 12.8242 16.2569 18.8183 12.6674 20.4976 16.8577 10.2878 10.4266 14.0977 16.3168 19.8285 15.7032 12.414 16.4615 17.7787 15.535 17.2301 20.9724 20.155 
31.2889 33.294 29.7194 33.7747 33.641 27.8815 27.9818 35.7793 28.1569 33.9311 31.3848 25.9933 29.4774 25.9264 31.1696 27.9017 29.6673 26.6219 28.4114 28.8153 29.0103 34.2098 25.3881 25.3121 33.5473 25.1909 30.5137 27.9983 30.2673 24.2919 13.3001 14.704 11.7883 16.9697 17.1706 8.34191 8.66543 16.0932 16.4347 14.6526 7.43488 9.00842 15.2354 9.29962 14.5538 13.5531 10.8772 10.3613 11.9877 17.3494 17.3274 15.3573 15.2677 15.7146 13.151 8.52479 17.0693 7.94935 14.318 14.6515 
24.7289 35.5575 32.6528 27.1184 25.427 33.8609 26.7005 35.4462 24.6357 24.9768 35.5406 24.5949 27.2224 31.9349 27.5999 30.8861 33.2319 34.4177 34.1287 31.6224 35.978 30.1399 26.7376 31.2012 29.9354 30.7234 27.5356 27.0152 30.314 34.5656 35.6005 33.0009 9.33617 6.57064 14.7383 13.2247 7.33519 7.02857 11.1271 15.1915 14.6194 9.94943 11.8296 10.0945 10.7926 6.60883 6.07967 14.7049 10.1775 6.80566 16.7551 14.1442 10.4602 7.92311 14.204 11.3327 14.3072 9.7941 5.51305 7.36751 
29.5777 24.665 32.2536 25.4307 32.6352 25.3323 26.6073 35.8399 25.2504 35.3937 34.8881 33.4438 32.9062 24.2123 29.621 31.6455 35.9368 31.2599 29.1789 28.2381 32.651 32.4035 31.1358 32.3609 32.1589 29.1088 34.9556 28.0262 32.9341 4.45398 12.9926 14.4706 5.53103 14.0861 12.2078 9.41328 4.69965 10.841 7.8783 14.0424 11.1212 5.12635 13.6301 15.3806 10.1029 15.3872 8.91753 12.8163 15.7522 4.59352 10.732 15.0508 9.44522 12.1953 16.1731 15.3516 15.569 6.61212 13.2889 14.6796 
29.5329 27.7688 35.3357 35.4183 28.4147 35.328 33.6314 33.291 33.8852 29.3816 32.9778 27.9524 31.4924 32.2103 35.78 27.0714 31.7939 25.7538 25.2915 34.9464 33.3718 33.9917 32.8507 26.781 29.303 26.8173 30.6599 25.1744 31.8897 33.8628 9.51695 17.0233 8.78178 16.9447 17.4827 8.7502 14.8626 18.6556 13.1484 17.8763 15.5886 15.0998 19.7921 10.4137 11.4037 14.7061 12.9336 15.2753 19.076 11.6163 15.1806 15.7105 13.8454 10.3417 11.7379 17.779 14.2945 19.3228 19.3573 19.4837 
25.2816 34.8095 27.1148 34.1062 35.9982 31.9404 27.15 26.4593 24.8993 24.4884 34.8054 25.2441 30.3408 30.249 25.2783 25.1332 24.7392 28.0269 31.0433 28.0515 35.1818 24.4891 27.0288 34.1775 27.5319 24.307 33.728 28.9233 31.2203 24.2938 27.9924 29.4484 25.2805 6.39126 7.8818 12.1342 7.20502 10.8188 14.6206 9.90334 14.5847 15.2203 16.4839 11.9668 7.36219 10.3029 7.51238 11.3663 14.736 9.84018 9.28274 13.3923 9.32754 16.1846 7.41176 4.9591 12.5837 12.4063 12.7394 7.20648 
24.9092 29.6467 27.2106 26.2562 26.8518 34.8227 26.919 29.2028 24.8872 28.9512 29.1833 27.8727 25.9573 30.2009 24.9566 27.3424 26.8709 30.0786 27.7398 29.0687 35.7679 18.8752 15.1652 13.4782 21.9426 13.2659 10.6447 21.9154 14.9397 18.6644 19.585 20.8644 10.2786 16.0674 16.6965 14.213 13.6923 14.2952 11.764 14.2809 13.6107 14.011 14.6959 21.8317 18.5576 11.3421 14.1315 13.5388 12.0343 20.4197 19.6229 15.4858 10.2716 15.9408 18.8583 10.3961 17.161 15.7325 20.2651 21.9011 
24.495 29.9622 30.0562 27.3795 27.6645 28.6523 30.1895 24.1036 28.7511 31.5199 27.3865 26.7938 26.8625 27.5003 29.8884 31.4369 26.0531 34.4004 32.7409 33.8411 29.8796 26.4912 31.9621 19.2107 15.9762 20.2646 23.4289 20.6458 18.9415 17.9713 21.5238 19.6517 20.9267 18.2276 16.5245 16.1536 24.0407 15.0655 19.2434 17.0397 15.9946 14.2183 15.6376 12.8567 17.4418 18.9485 22.8568 21.7526 23.8656 19.3818 14.4552 20.5316 21.3788 12.7891 17.473 21.92 21.1621 16.0923 16.2645 21.6531 
29.2465 34.0574 35.0592 32.2782 26.7112 34.609 26.485 30.6537 29.3269 33.7467 31.5478 34.0042 30.1417 27.8668 32.1589 32.8915 25.9852 30.6951 28.6512 28.1298 27.0156 28.0938 32.4688 24.1495 30.0088 29.6265 33.3046 26.7993 26.4468 27.7365 26.8059 27.9208 26.2411 30.3705 26.5096 9.82493 20.417 10.6593 10.4154 20.1614 15.9773 19.6859 10.6218 14.796 19.5482 18.5611 9.03834 11.126 17.3897 11.3555 14.6608 8.80112 8.86832 11.0437 9.48525 17.1142 10.014 12.293 19.622 17.646 
26.1783 29.9534 26.2624 28.3413 25.4142 29.1007 24.8358 24.6676 35.7833 25.3576 34.1867 26.3421 25.7399 34.6574 32.0417 29.6122 31.7439 34.4691 24.0048 29.1668 29.2164 33.5495 28.3207 35.2593 27.074 24.4979 27.1996 34.7313 29.7327 33.0619 24.9559 28.6762 33.919 10.652 18.0732 16.5279 12.8006 14.0455 18.8469 12.5777 8.0323 10.359 10.6741 13.5946 18.2616 15.2485 11.9759 14.8244 8.49757 10.7093 18.5326 17.1111 17.67 14.2699 14.0066 14.878 15.7013 9.91834 10.1982 15.2467 
32.9043 32.7519 26.1078 25.2695 29.8061 28.5517 30.2365 28.7346 24.6213 26.6168 33.9135 31.4421 25.4131 27.6046 26.8056 35.3258 35.3632 25.1024 24.7741 33.0204 34.1297 32.9715 25.4402 28.3549 26.1637 32.1548 24.8773 29.8939 25.4986 35.8586 28.1261 10.6824 16.808 16.5986 12.0962 19.2276 16.0853 15.4985 15.3527 15.0651 19.3917 10.2094 13.8783 9.6806 9.80765 16.9211 8.65055 13.9429 15.6049 14.8701 8.19372 13.1692 18.0877 13.7332 8.39496 11.1216 13.6341 19.4215 12.3984 13.9594 
27.4537 27.905 29.5909 31.2956 24.4315 24.7458 34.8767 30.2938 24.1645 31.8133 29.5836 26.6682 32.9433 25.1446 34.703 31.9297 27.4269 35.1649 35.6265 34.3732 34.8414 33.9516 33.0722 34.3189 28.7551 26.7993 34.6182 28.8972 9.09692 11.3142 9.56218 9.70026 13.9416 13.3313 14.8909 17.132 13.4499 10.1516 12.5675 16.8456 20.2171 19.7158 16.2272 12.2399 17.4732 9.77994 15.2993 14.0015 18.1944 16.8831 16.6921 18.8246 10.1189 18.0075 10.1721 12.5025 20.1701 9.54309 9.72266 9.80308 
31.6011 32.4457 32.6017 34.3523 33.6953 30.2413 25.7784 26.5257 35.01 28.8906 33.2627 32.3443 33.6351 31.0495 26.2217 26.4181 26.2617 26.3675 30.3536 25.925 33.5132 31.3139 31.9804 30.8942 27.9065 24.0191 30.6298 30.4102 25.0348 27.2025 32.4141 29.9963 26.9954 32.7226 25.196 25.34 30.5167 32.8456 30.6779 14.3819 9.80343 12.6068 14.0738 6.6872 12.0148 9.57943 8.88061 15.2912 12.1349 12.6674 10.2588 12.5344 12.6325 9.32421 5.0887 15.5699 10.6076 12.9777 5.07878 7.77564 
31.08 24.2622 33.9913 28.2289 31.5721 32.7692 33.1654 33.3571 30.7264 32.5129 28.1419 24.0867 28.0802 33.1375 31.4065 25.2228 33.1735 24.9001 33.6039 30.1726 31.3859 28.5197 35.989 31.4388 26.3157 35.7209 25.7461 29.9905 25.2181 24.3445 28.4169 29.8898 32.5489 33.3689 13.7694 15.6286 11.4497 9.48944 11.5455 20.4175 16.196 17.8426 15.8445 13.1003 17.1992 18.0971 15.557 17.8224 11.6917 20.1381 18.4022 13.6163 13.8836 13.0904 15.8827 10.9624 19.3199 19.6104 14.4432 13.9644 
26.7376 34.9821 33.457 29.3173 35.559 30.0481 28.9086 25.4538 25.5262 34.606 26.1688 29.4738 24.4913 33.4243 28.3993 33.1423 35.3559 29.0636 24.2108 27.601 27.2627 12.4383 16.5042 19.8161 19.3042 11.2228 14.3699 19.5169 16.17 8.86786 19.9748 8.98611 11.1659 18.4354 16.3713 14.465 17.423 19.7875 12.2276 14.7724 17.8291 11.4098 20.2241 13.6366 14.2737 14.5969 9.90416 20.2003 15.4345 9.31514 17.3532 16.2952 16.1249 15.7117 10.4814 19.1599 15.2119 11.7854 17.1751 17.3624 
34.179 27.0398 29.3324 31.8299 25.8882 28.2443 33.851 26.0531 31.6576 34.3626 27.1225 30.3713 33.3303 24.2152 28.884 26.7317 27.7743 28.6641 32.5742 35.4595 14.8257 16.1066 11.6691 17.7811 17.9148 13.6146 10.0265 16.432 9.32295 15.2855 10.7015 16.7353 15.4596 17.8777 18.0642 15.6215 9.39089 12.0668 11.5861 9.60608 10.2741 16.5601 13.4619 16.035 9.08389 19.6345 12.8002 19.2449 11.314 14.9928 15.9961 19.4938 12.0114 11.9761 17.5942 19.5911 13.3297 14.4956 16.8671 18.7888 
34.2888 32.7982 32.1346 28.6556 27.8811 32.3877 28.4602 29.2266 24.741 24.1157 27.8782 29.7268 30.6665 33.1585 25.7013 30.2416 33.1856 31.2937 32.7586 33.2848 34.0706 27.3854 34.0736 30.8861 29.4121 26.3733 29.1686 35.6023 26.3855 34.6347 29.5197 35.5032 35.4084 30.8641 7.32031 16.1806 10.7828 12.4482 6.25941 12.3222 13.7063 10.6657 11.4412 7.07317 5.2602 4.2577 5.68838 14.6764 12.4753 9.69585 13.9075 8.19539 14.9203 12.9557 9.31468 15.8391 6.18927 9.16926 12.5833 11.525 
26.529 28.9472 27.3931 35.8638 26.5434 25.9661 24.0228 25.9705 34.378 24.7767 30.1417 32.138 26.2775 30.6827 29.1859 27.7978 27.9436 26.3025 32.5059 35.101 26.9389 25.2864 28.0192 33.7754 31.0168 10.786 12.4528 18.9093 19.1935 19.9155 17.9321 14.6315 12.2079 14.2401 12.1256 11.6416 12.2064 11.0978 12.8722 17.6027 11.201 19.5343 19.741 19.8784 10.6777 18.0111 10.2051 16.558 14.2588 20.0388 21.0153 20.5236 17.0056 17.5249 18.8267 9.86283 11.2895 18.8145 16.2135 20.5375 
27.5947 33.8099 33.0553 29.3985 29.1936 35.8311 26.2125 29.3493 27.4515 33.0241 27.6399 31.0304 25.5056 26.7714 30.8927 30.5853 26.2834 28.2039 33.0887 35.3724 29.6177 11.7066 21.4985 17.4826 18.8039 13.4076 20.4204 13.1799 16.6494 9.61603 12.289 18.2743 15.9509 13.669 13.5537 12.5905 19.8005 14.1101 10.9718 16.2366 20.713 13.2603 15.8727 18.5696 10.6685 16.642 13.1516 18.3988 18.4407 12.7455 11.4433 13.3503 10.6384 12.7029 9.83893 10.9751 16.3196 20.8867 15.3906 19.8545 
35.6838 28.1033 24.0815 33.7974 24.9717 28.8807 35.8513 27.6538 30.2916 33.6623 27.0854 26.3355 29.4077 25.0961 31.2776 27.1603 31.7817 24.6973 32.7262 32.9848 35.2439 25.7972 24.7925 29.3482 35.8935 31.5243 29.8241 28.4841 29.9409 32.7373 34.4992 30.1535 24.4069 31.575 28.9744 32.0465 14.3751 12.6632 14.2782 18.8622 10.3085 10.1668 16.3376 9.0666 14.002 17.3434 8.21723 17.2898 13.6076 18.1079 18.5765 10.3225 16.6335 7.59369 15.0651 15.4893 11.9001 17.5343 10.1738 15.1845 
30.38374807692308 30.451909615384604 30.30638461538462 29.636725000000006 28.94944423076923 29.829417307692307 29.149749999999997 29.824238461538457 29.213053846153848 29.752646153846154 29.424953846153844 29.20661346153846 29.374763461538464 29.17373461538462 28.857334615384616 29.111592307692305 29.212992307692307 29.274028846153843 29.98938076923078 30.032484615384615 30.35776346153846 27.495605576923083 27.76014615384615 27.574619423076914 26.02701346153846 24.880472884615383 24.517470000000007 23.948493846153845 22.651377500000002 21.549627884615386 21.598690384615377 21.123803461538465 18.920678653846153 18.32005480769231 16.026243846153847 15.178393269230773 14.005892884615385 14.059459615384613 14.246837884615386 15.216344807692307 14.853755769230768 13.917988653846155 14.24661038461539 15.095795576923077 14.348447884615382 13.793212692307698 13.023314615384619 14.38535423076923 15.450605961538455 13.931512499999997 15.279484999999996 14.930135576923076 14.586311153846152 14.080306153846156 13.967937692307695 13.84845192307692 14.486358653846157 14.533050000000003 13.528483269230769 14.48913076923077 
33.9193 27.1004 34.7235 24.78 26.3807 32.5125 28.1004 33.5069 28.6666 27.3266 30.1113 33.5415 29.8447 33.6994 24.2585 26.7439 28.8488 35.2567 28.1301 24.8692 31.5027 29.646 33.5128 18.0535 17.8258 17.4362 20.761 13.5246 17.4479 21.5674 19.7948 17.1343 19.8327 12.962 19.6263 18.157 18.9025 10.3029 16.9959 18.4111 15.036 13.0009 18.0491 16.4091 15.9915 17.9749 13.5635 17.0069 21.4976 13.2381 11.7259 12.7791 20.4628 17.8515 16.0404 21.7301 11.7116 15.205 10.3966 19.269 
33.5073 31.6525 27.3711 27.3017 31.156 35.7246 30.798 34.2307 31.0572 33.7688 32.4468 26.7314 34.6332 27.1871 29.1547 29.223 26.1163 29.187 29.4337 34.1999 28.0783 26.0432 26.8063 29.5865 32.8952 33.7956 35.7672 30.7282 28.6174 28.1562 26.8114 30.1417 15.9122 9.7892 9.14326 9.88358 11.5096 12.381 18.8584 19.4768 14.0321 9.82629 15.5516 14.0159 16.889 16.2853 15.6893 13.9289 20.0482 10.546 20.494 16.2842 12.0513 9.52664 13.529 9.55161 11.4674 11.6033 11.8934 20.0655 
24.4135 33.0384 34.179 29.7543 28.5208 26.0061 26.9256 29.606 30.5064 27.4845 24.1799 32.9826 34.3225 24.235 27.6861 34.2586 27.9432 24.7275 28.6795 27.8411 33.5591 24.3702 29.4694 35.1745 28.0655 20.0581 13.8429 21.0595 15.6177 19.5039 14.8168 20.7911 18.7335 20.5498 12.7691 11.0887 12.7658 18.4809 9.25485 19.0449 19.7114 16.5269 9.53614 14.0963 13.1477 9.09695 14.2237 12.8183 14.4686 13.4481 10.0003 18.0119 12.4107 17.8074 18.4651 12.0534 20.6034 20.798 15.4598 13.9105 
35.4855 25.5996 29.9137 30.1998 27.6538 28.6468 26.5819 32.9414 34.728 29.0474 34.7059 34.7643 28.8161 30.2714 25.784 25.0345 35.436 29.075 24.2666 24.6254 28.1624 26.218 28.7728 28.9663 28.8018 34.2917 26.2114 33.3634 32.9198 31.8912 34.5039 32.6862 24.3272 35.9809 31.3899 10.8316 20.2375 10.0512 14.8765 10.5698 19.6034 14.5442 10.6671 16.4702 19.0074 10.352 13.4726 12.1958 10.684 16.6201 20.4344 17.0688 18.7441 9.5992 11.1951 12.0023 10.0171 17.1489 14.8504 10.8903 
31.0216 28.1397 26.7303 26.5702 29.5608 26.9657 28.0493 25.6731 33.7207 26.2746 30.4102 31.1009 24.0187 35.6589 25.2526 25.9319 28.6178 32.4225 33.6656 33.7453 35.1183 29.1635 25.477 31.947 35.4907 30.73 25.8203 24.6514 25.5284 31.3429 29.0048 31.8251 26.8908 28.194 31.4289 16.9348 8.06973 16.6039 14.7428 10.3421 8.15492 10.3953 17.6887 16.7905 14.1377 15.7608 6.7874 13.0624 16.6601 15.0205 9.89077 9.21618 11.5499 8.87687 18.2204 9.47691 10.3424 16.4302 11.8976 15.366 
24.5383 24.2802 28.2814 27.1316 26.6623 32.11 32.81 30.4829 35.8586 25.3866 31.3007 25.4285 26.8658 30.8516 24.4781 25.6653 25.2959 30.2629 29.657 25.2948 25.0223 35.2641 26.1089 9.59991 12.675 16.5749 19.7601 13.3489 18.1374 7.99333 16.7511 16.3406 15.3491 9.47579 9.94326 16.609 12.3313 8.64478 19.4568 10.8356 10.349 9.7255 14.5746 18.9589 15.8224 17.3644 11.9145 13.762 12.4022 19.6283 19.6441 11.5238 15.4185 12.6699 13.1164 8.23496 12.0419 19.3096 12.9985 17.4599 
34.3354 30.9375 31.9529 31.1457 24.5189 24.3933 27.6961 29.8744 26.7666 33.0887 31.3705 26.2327 26.3833 35.6614 32.6631 27.685 29.2769 31.7612 34.6501 24.9401 33.4339 26.8485 28.7144 26.5812 34.8249 34.0258 8.8228 12.6338 12.6937 6.27907 13.6444 16.6505 18.0782 7.97526 9.27375 9.20801 12.8791 12.7293 6.97605 17.8322 13.3297 6.32571 12.1314 11.8421 16.7155 10.4253 9.44524 14.3998 15.6964 11.0276 10.6075 15.1897 9.07618 17.9085 9.84551 15.013 13.9132 11.7426 11.6989 10.1521 
