30.56698472222223 31.39878888888888 32.357184722222236 33.197163888888895 32.945881944444444 33.09546111111111 31.283413888888887 30.40157222222221 28.741094444444443 28.737565277777776 27.03964583333333 26.694124166666672 26.7761375 29.02368333333333 28.54511111111112 30.58570555555555 31.168068055555548 32.991270833333346 32.790304166666665 33.38521944444445 31.809401388888887 30.08151805555556 28.32693194444444 28.192291666666673 26.150177777777774 26.327331944444442 25.77626111111111 27.34039444444445 27.485323611111102 29.12358472222222 29.60867916666666 30.847426388888884 29.579140277777768 29.00895833333334 28.040216666666655 27.9022611111111 24.930520833333343 24.572037499999997 23.059819444444436 22.798598611111107 22.309001388888888 23.902348611111123 24.081313888888886 24.851211111111112 25.950669444444443 26.94049861111111 26.93190833333334 27.515147222222225 26.96643888888888 26.778580555555553 25.449819444444444 24.84113472222221 22.410505555555563 21.362183333333334 22.577084722222217 22.999933333333335 23.254930555555564 24.62188055555555 25.935679166666667 27.356369444444447 
24.8923 25.741 27.5532 32.8217 27.8789 31.5926 31.4861 35.5469 27.9516 31.6595 27.5415 31.1887 27.4867 31.391 27.811 24.488 27.5918 35.6273 35.4102 31.4167 30.7447 24.1311 35.1422 30.4719 31.9874 33.6615 25.5511 30.4686 33.6472 25.0701 34.0765 32.5981 28.3038 26.1471 26.9414 31.5203 33.1089 24.1491 28.5157 25.7906 35.9519 26.5301 24.8578 25.9562 32.8357 28.5322 26.3458 30.6213 28.9861 29.4047 32.5577 31.0205 26.6418 28.4331 33.6564 26.4244 28.4661 34.2484 32.1005 26.691 
31.3987 30.6316 26.3983 24.2905 27.8613 28.5491 24.9717 32.4358 25.2239 27.3068 31.8387 27.2587 28.2572 26.5819 24.0455 35.0625 31.5717 32.5614 31.0308 34.1202 26.9337 31.4781 35.0173 32.3851 24.3323 30.2001 31.2452 26.6814 31.5137 28.8778 27.3086 24.246 26.9631 25.2919 31.6114 24.7131 27.4809 24.2075 26.8059 35.1253 32.6293 31.0561 26.3583 28.0861 31.4391 27.3057 29.6082 35.9725 34.1444 27.1717 33.6318 26.5966 25.5387 32.5434 25.5772 29.9897 31.351 33.9002 29.5446 29.343 
25.5067 29.7929 28.0765 34.4812 33.8 27.6671 30.6122 25.6393 30.1171 26.5188 30.1524 27.8514 29.5582 32.3601 29.2064 26.1001 33.4677 33.901 29.2674 34.8311 31.9815 26.496 32.6645 27.7188 35.7385 32.8309 30.1509 30.5593 27.3321 27.4559 24.2361 34.7268 29.9207 27.273 35.9963 32.3917 27.139 26.4589 25.0466 35.5002 27.9961 25.8897 31.3951 30.7583 34.9652 28.0919 35.6706 33.4401 28.458 31.1795 26.9458 35.8381 26.7134 25.1641 27.341 25.2093 33.4669 24.1094 33.1669 35.4907 
30.9493 34.317 35.5674 34.8829 30.6691 35.2667 35.895 25.9022 28.8917 32.2092 28.9898 26.0572 31.7516 32.294 31.0631 24.1612 26.6554 25.2452 30.5956 31.391 32.1604 33.7765 31.1336 32.626 28.8616 27.6223 33.9381 33.9836 34.8895 29.4617 34.5734 32.4431 30.0745 25.0495 29.2942 28.2689 28.4819 29.8917 33.1162 26.4574 27.4442 33.0784 33.2286 27.5837 24.4895 26.2151 24.0331 26.4765 34.8568 30.5934 35.4341 31.1248 24.2424 29.7172 35.9365 36.0187 26.3866 33.1842 31.3025 34.523 
35.2538 34.6402 35.7584 28.551 25.6518 29.6442 31.94 35.9086 28.9622 24.6224 29.7635 29.5098 28.2109 34.2855 27.5473 25.4274 32.3429 34.79 33.7012 25.3495 33.7603 26.4442 24.5097 30.4135 28.4948 28.8433 32.4284 24.5071 31.7032 29.8722 35.852 35.7172 27.1922 24.3206 25.2698 29.6203 24.3243 31.1824 25.0701 31.8824 28.6468 32.857 24.7469 29.3045 27.3994 26.1497 31.9613 34.7492 24.8681 32.0285 32.7486 33.5455 24.1792 25.398 35.2296 28.3435 26.5999 28.9487 30.2372 32.3833 
35.2623 35.6805 31.0851 30.2589 24.1366 27.0766 25.777 33.1482 24.7965 26.2804 33.3828 28.5484 26.7417 35.9152 30.3841 31.6716 24.0114 33.0446 33.5631 33.9432 31.3396 24.4979 31.7928 34.6457 26.8155 33.8731 26.529 35.2714 30.506 29.6243 32.4622 33.0465 29.1157 26.2378 28.1837 32.0623 28.3332 30.979 33.2201 24.2508 27.1735 32.1189 24.5262 30.8321 27.5047 26.0098 25.2243 24.1142 29.4958 26.2298 30.5457 24.8259 29.9075 28.0949 31.5622 26.4082 34.1331 28.1918 30.2934 29.4113 
27.0997 31.5199 30.8038 28.5932 26.6983 32.5261 24.7359 30.7745 35.4374 34.7526 34.7507 29.6368 28.0144 30.3254 28.9633 28.6442 35.9721 33.4618 29.2663 27.2025 28.2906 25.0521 26.3884 30.3081 28.3413 30.4774 24.7113 29.9247 26.8654 27.2003 32.2026 30.661 26.7773 34.4753 33.4577 29.8766 32.1493 33.5822 25.9345 24.7936 28.382 34.8333 25.0007 28.9384 30.6511 36.0228 33.6601 26.0887 31.0337 32.1343 26.9671 24.556 29.7037 25.5431 31.2221 31.6727 28.7342 28.0614 35.1066 27.0854 
35.1227 25.1472 32.417 29.6882 25.0212 34.6611 33.2738 25.8082 32.6227 35.8406 30.4755 30.5027 34.0827 31.6694 34.2069 34.0222 26.3168 26.1196 30.3481 31.1876 29.0985 25.3752 26.4402 35.4102 32.4707 34.6611 26.6043 29.0919 26.7171 36.0107 27.5411 31.2787 29.5373 34.5906 25.4604 24.228 31.0848 26.5514 29.8013 28.0659 24.1965 24.1528 25.4604 29.0948 28.4423 27.233 35.8197 26.8581 34.6688 28.6391 35.7609 25.8574 31.3525 26.9212 35.4235 32.4629 27.4019 25.6033 35.7554 27.312 
34.9666 27.9138 28.6666 29.0522 33.2348 31.0326 29.7922 29.599 34.042 26.7446 31.8306 33.049 27.6425 32.4222 24.267 24.3467 24.5207 30.4146 24.6672 26.8768 33.1177 30.3514 25.6283 28.4709 30.6261 31.918 35.7617 34.4404 34.02 35.8792 24.0599 25.4042 35.5491 28.5219 28.2359 24.8464 30.1972 27.1342 31.8269 30.1039 31.694 27.4544 27.0813 35.7874 27.8209 24.9438 24.8494 35.6996 24.2989 35.0456 31.4042 27.6887 31.7252 31.5879 30.1785 27.8327 24.5262 29.3243 24.437 34.1679 
34.4988 30.9151 31.0631 35.3471 35.4036 29.5457 31.253 34.1459 29.9247 33.9583 27.5069 24.4543 26.9609 26.3689 28.3868 24.7032 25.3719 34.2487 29.7492 35.1337 30.9291 26.8202 25.9257 35.8333 27.605 32.7832 31.084 26.4449 28.4154 31.4065 34.4272 35.7224 24.1902 29.498 35.5131 35.1271 27.6972 32.8287 35.2252 33.5999 31.4839 35.722 32.4082 35.0129 28.7338 26.1798 34.0622 27.1379 35.8325 33.9909 32.8478 32.5867 25.2809 26.6664 31.9936 29.5759 32.5382 29.6082 35.256 25.6668 
27.4772 33.4699 33.2165 28.2722 32.1262 35.4932 28.6123 33.9491 26.6469 31.777 32.6572 29.2373 24.0841 24.719 27.8683 31.2684 24.8453 32.1644 29.859 32.4314 24.3209 35.9603 26.5849 33.7324 34.6332 32.5331 32.6723 33.7166 35.1455 32.4438 32.0961 27.4702 25.0939 30.3551 33.6843 28.1158 32.8041 33.0215 24.7455 32.9565 26.2294 34.3802 35.2718 30.9184 24.4965 25.3528 25.8067 33.6087 30.2989 35.7268 28.028 34.1066 34.6982 31.0073 34.5447 32.2415 27.0252 34.6281 30.8542 30.4697 
26.2081 32.9091 29.9049 35.2788 25.4861 31.5948 29.7437 31.553 26.6568 29.7341 31.2408 24.6746 26.1794 34.9237 26.7005 34.5638 27.9432 31.0613 35.6225 34.9953 31.8519 32.1427 29.0449 31.6606 29.7657 29.7606 28.389 25.8486 31.7373 30.2145 31.7292 26.5621 31.1648 34.208 28.0783 27.2157 28.0677 34.7103 29.368 25.51 31.1365 30.3544 31.7612 26.6873 25.4035 33.688 28.5028 24.5306 30.7455 35.5454 34.0761 32.684 33.5007 25.1898 25.2779 28.2821 24.7131 27.497 35.7393 24.8674 
30.7668 25.7586 24.7304 31.5027 31.2577 28.7849 25.2093 28.4904 35.9247 31.1141 31.7704 33.237 29.9225 32.5158 28.9894 26.0517 35.5722 34.1661 31.5335 34.6894 25.0804 31.2463 35.6735 34.6439 28.6339 33.11 32.4875 25.3547 27.6131 30.1682 24.4715 36.0261 34.9061 25.1971 29.3897 25.3337 24.2684 24.1498 25.1116 30.3683 26.4776 31.9749 35.8583 35.7455 30.1619 32.7575 24.82 26.5191 29.1172 35.7855 34.2205 32.7571 34.4885 34.4937 33.2341 27.7647 32.637 32.0807 35.1602 29.3004 
32.1883 34.454 27.992 29.819 24.39 35.9563 35.1312 27.2594 30.7003 36.0062 29.6728 24.9893 28.6975 34.0717 30.0933 31.2537 25.2386 29.1168 35.0405 33.403 30.1689 33.7982 30.3815 32.4082 26.4813 27.11 24.4744 28.7952 26.0461 35.3735 35.3309 32.5764 29.2913 32.0954 31.553 31.3723 26.0755 27.0909 27.4629 25.394 24.6077 35.3904 33.4871 27.3876 29.0529 31.6007 26.1156 27.9109 24.8762 25.4645 35.5847 28.6013 24.9382 27.363 34.2832 35.5156 30.816 27.4691 24.8593 30.964 
30.56698472222223 31.39878888888888 32.357184722222236 33.197163888888895 32.945881944444444 33.09546111111111 31.283413888888887 30.40157222222221 28.741094444444443 28.737565277777776 27.03964583333333 26.694124166666672 26.7761375 29.02368333333333 28.54511111111112 30.58570555555555 31.168068055555548 32.991270833333346 32.790304166666665 33.38521944444445 31.809401388888887 30.08151805555556 28.32693194444444 28.192291666666673 26.150177777777774 26.327331944444442 25.77626111111111 27.34039444444445 27.485323611111102 29.12358472222222 29.60867916666666 30.847426388888884 29.579140277777768 29.00895833333334 28.040216666666655 27.9022611111111 24.930520833333343 24.572037499999997 23.059819444444436 22.798598611111107 22.309001388888888 23.902348611111123 24.081313888888886 24.851211111111112 25.950669444444443 26.94049861111111 26.93190833333334 27.515147222222225 26.96643888888888 26.778580555555553 25.449819444444444 24.84113472222221 22.410505555555563 21.362183333333334 22.577084722222217 22.999933333333335 23.254930555555564 24.62188055555555 25.935679166666667 27.356369444444447 
29.4606 29.5876 25.1454 31.8475 33.8892 32.7152 29.8153 26.4699 28.1925 30.8979 32.3175 26.3318 35.0074 26.0561 27.9781 24.1462 25.8141 32.2856 26.4549 33.6465 29.8281 33.461 24.0026 35.9236 31.7751 32.7097 25.0179 30.6 24.4238 34.6916 24.5042 35.7991 34.2586 24.2387 25.5273 31.2585 28.9112 34.9806 27.3678 25.4641 30.1201 34.5884 34.3765 24.5718 27.9785 33.117 33.2657 35.8516 32.2698 32.7861 24.9522 27.8176 25.1178 33.1496 34.6101 27.9153 30.4212 34.8822 29.6214 27.2341 
28.1936 27.5128 30.0782 29.548 25.5482 24.6551 28.6596 34.4735 24.484 35.8057 28.6071 27.334 29.7418 26.2305 33.2143 30.2416 29.4242 30.7594 30.8281 34.2821 31.4759 27.7959 25.3734 35.794 28.5568 28.1555 24.0353 32.7138 34.5711 33.1632 32.1042 35.5186 29.2814 27.8385 26.7945 32.9723 26.4703 24.5883 32.2312 27.3703 29.8818 34.4415 26.7563 31.3547 32.243 29.3765 33.3821 32.698 26.1512 25.4725 28.2704 35.7275 25.7035 25.5438 30.1069 29.353 31.5577 35.216 29.3078 26.4681 
24.8898 38.805 37.92 43.1023 39.3679 39.0897 38.8469 33.6141 23.222 23.3015 15.7651 22.7762 14.1679 22.2549 24.9245 33.5719 33.8683 43.823 41.0436 46.3503 42.8637 33.6655 31.6634 20.0828 18.4649 14.0268 21.8696 24.6858 24.1681 32.5447 38.9398 35.0152 38.5666 47.4021 38.5867 39.4744 26.4805 23.5885 16.2014 22.7814 20.9013 18.7308 17.3381 24.0946 27.3654 39.5289 37.2888 42.1669 37.6379 43.4843 36.268 32.773 19.8359 17.9304 20.1922 22.3295 20.9811 27.9966 27.5978 31.8755 
30.7425 37.9754 43.1891 42.739 39.3712 44.1962 37.6507 28.8875 18.4354 20.9146 13.3554 11.5834 18.0495 28.5362 31.8329 34.7209 42.0029 49.4517 45.422 42.4498 36.5443 26.7467 27.3971 19.4725 13.1377 21.002 17.6963 21.995 31.4431 35.5 38.2189 46.1688 41.2444 37.8473 39.7422 36.6668 19.9717 24.1381 15.0715 13.0632 12.4505 26.7096 26.7751 36.473 37.2131 43.4866 46.5014 47.9382 34.9641 30.769 20.4861 21.7675 16.6897 20.8294 17.9138 26.8031 26.095 30.9324 40.206 48.5869 
29.7481 35.0096 45.5182 47.1441 42.4431 38.1345 30.4926 24.4804 17.8574 16.51 14.1993 18.7899 18.0614 29.2729 29.1877 35.8468 38.3537 45.3945 37.4028 35.2864 28.8721 27.2127 18.7626 17.8971 12.5872 22.7502 17.8389 27.1988 31.4798 42.2281 43.6363 49.2067 41.6685 41.6546 37.9759 26.9402 21.5901 22.7819 13.9352 18.9154 20.196 34.2972 39.5432 43.9576 47.102 45.4469 38.9672 40.748 25.8723 29.2668 20.9359 21.6952 14.8328 19.0264 26.6645 28.0073 41.5617 40.1772 44.9136 48.8988 
30.7568 30.4465 35.8128 42.8655 38.2801 43.9991 37.319 28.0925 30.2355 28.6748 15.7433 18.6039 18.7363 16.5419 22.8501 32.1103 36.2311 38.324 44.6487 37.9792 35.8137 40.8654 35.9729 25.282 28.9272 17.8594 18.2777 19.9084 22.4766 26.3122 35.7893 38.1887 33.3 34.4444 43.1842 35.8281 37.225 27.1919 22.5461 27.3743 17.0854 20.8361 25.69 23.2508 30.3844 24.8467 29.9052 41.4951 35.0381 39.2123 35.4702 41.2383 26.802 24.4047 20.5264 26.2182 13.3387 21.5827 20.855 23.967 
29.7793 33.5955 38.2882 39.257 45.4788 37.7171 31.0806 26.7689 31.4416 23.4211 19.662 22.336 15.6057 29.3483 30.2411 36.5924 42.3301 41.7646 42.5535 42.6153 34.2203 30.2243 30.6954 20.5443 21.9657 25.8915 17.6732 27.3834 21.425 26.3878 29.9536 38.6526 40.3809 35.2698 37.9023 38.6286 27.9722 27.5859 24.6164 22.9904 15.6561 22.8803 31.1704 25.1837 38.2491 43.418 38.8503 35.6262 42.9412 38.0385 32.2666 27.6102 23.0217 15.0511 23.428 24.4191 27.0137 32.8483 28.9665 42.7579 
29.8854 29.021 38.6378 36.2892 47.0325 38.241 33.7387 25.925 21.4466 25.7283 15.9478 21.8276 18.6095 19.1829 30.8004 37.6624 31.2481 45.6552 40.4705 45.8088 39.9595 39.7848 26.5972 20.2628 15.7385 18.0137 20.5864 20.9369 28.0654 32.2934 39.3129 41.3306 34.7946 42.3561 45.0426 35.4503 37.7498 24.7401 22.2827 21.1901 13.3013 22.5931 17.446 21.9409 25.3415 40.2555 33.0786 35.2796 36.5139 34.1983 30.2432 36.7576 27.1158 18.8256 19.0554 22.8141 22.9512 23.4063 29.7463 33.4762 
31.5071 30.3462 36.6107 38.6893 45.5604 42.8918 33.7633 32.1046 28.3337 22.8577 16.1567 15.3482 25.9952 26.9467 30.3955 31.194 41.2203 39.3286 41.6774 34.8559 39.2224 29.1269 26.1037 26.0756 20.7749 14.8812 21.2606 28.2754 25.9128 33.7993 40.8501 43.7985 41.4138 36.2297 34.4368 30.28 32.6419 18.9889 22.8559 19.314 19.3678 25.6036 29.9304 27.985 31.0956 34.0094 35.7771 37.4168 30.8219 25.6021 28.2777 18.9879 16.1107 14.3997 17.2542 23.3894 24.4656 29.6396 41.6298 40.1532 
32.8485 32.6025 44.1224 44.172 38.9286 45.4076 33.8422 30.8023 23.2227 24.3516 14.5351 11.5571 14.8621 16.2949 19.733 29.5489 32.9115 41.8805 43.3745 42.1549 43.6066 35.1158 29.2947 30.3348 18.1857 17.4701 20.6168 17.1849 18.81 28.07 29.4401 34.6812 43.0026 41.2569 43.7137 45.057 34.6971 32.011 26.591 16.2748 17.8578 17.2245 17.638 26.9431 28.2579 29.1225 36.3099 42.1851 39.6961 44.402 38.7069 35.8327 34.125 25.8361 21.2947 13.2201 11.114 19.7152 17.937 24.2756 
33.2499 37.0387 33.8307 35.8394 46.4239 41.5376 36.9618 31.5665 23.3927 23.5002 22.6525 14.0547 14.1816 18.4807 23.1592 39.3093 34.7405 36.473 46.6633 34.9894 37.6656 28.5279 22.2917 22.7089 20.1469 23.121 24.9717 24.6005 24.7445 34.7381 39.1458 41.5146 43.3606 42.5441 34.4009 31.4789 23.8239 24.9875 23.4311 24.2214 21.2743 25.3592 28.5526 35.8624 32.3876 40.6384 43.3183 40.4228 35.5989 37.4503 35.0737 22.5084 26.7123 16.3324 18.4152 18.5273 29.773 33.9627 31.4135 43.2634 
29.6181 41.2386 44.632 47.8926 44.6445 41.1246 41.4001 36.0841 26.727 26.1316 19.5195 9.80804 12.8942 23.6048 24.9783 32.8095 39.2279 47.1987 41.6618 46.1304 37.9118 31.8729 33.1485 22.1589 15.6544 11.7219 12.6076 17.44 19.3073 25.4926 27.1464 35.036 36.4738 41.6348 44.2709 46.0801 41.498 32.9224 19.76 19.9674 17.1624 19.4836 15.8079 18.0776 24.5263 38.7108 39.6139 38.7708 50.0985 46.9157 40.9179 31.0978 25.2723 19.1213 14.8607 21.3939 19.3002 21.058 27.5373 33.6752 
32.3175 39.9719 40.6855 36.9174 36.5269 35.9285 36.4151 24.7463 30.8736 25.3094 17.4796 24.0689 25.6087 27.306 28.46 30.5855 41.4506 38.8306 38.5291 37.5073 37.9685 28.8007 28.5452 27.5674 22.6191 24.8834 27.5658 28.4074 33.6677 35.1708 34.0609 45.5823 44.3196 34.1341 31.413 28.7343 30.7444 18.422 23.227 23.6823 20.8873 19.5205 31.514 31.4149 40.7749 36.4495 37.3267 37.2455 30.3454 28.8087 21.1383 23.6666 16.7965 16.2003 16.8775 21.5906 28.4799 28.8281 41.7112 35.3453 
24.1847 34.7777 34.6964 47.8299 46.5885 46.6013 32.8805 31.1499 23.6288 26.0118 12.7073 17.3334 23.9686 24.4537 30.9613 36.8414 35.765 43.2106 43.0446 43.6868 36.2016 41.0922 29.1629 21.0833 24.4921 16.6965 14.6607 23.3559 19.2725 30.5418 38.0932 40.0787 44.2849 40.4234 37.2995 41.6467 36.8056 22.9298 19.2132 22.0484 21.3324 22.2866 22.6476 22.2954 30.4205 31.3322 35.0983 46.2959 43.6555 35.5152 37.0053 32.0781 25.8186 21.2632 14.8307 11.5735 12.7388 21.701 27.3388 36.7612 
31.8398 39.7644 42.3454 48.4909 39.7943 46.0563 30.5996 30.3578 26.5168 22.0041 20.4492 15.8159 16.8223 26.1001 33.2104 38.463 39.3005 43.2708 48.2773 45.9229 41.669 35.8161 20.6378 21.2626 22.4211 11.2571 20.1158 21.9945 31.5214 29.4344 42.283 44.1298 41.2562 41.1775 36.8477 31.3528 24.5302 24.6996 16.5617 19.546 15.8928 21.2638 22.3717 26.7268 42.284 41.4001 42.951 42.0196 36.9653 30.8763 24.9357 18.6947 22.3683 12.2241 16.638 20.9214 19.0474 28.1877 34.5126 43.6559 
32.8441 35.408 40.9221 46.2115 44.0382 41.4539 38.8912 37.8997 30.584 26.3553 12.593 17.6862 16.3178 22.9099 25.7019 33.0972 33.6184 36.3716 39.5662 49.1555 40.7177 32.5354 31.2305 22.8033 24.9243 18.1188 21.9585 24.4415 23.39 26.2296 32.6278 44.4558 36.8819 43.5822 45.3246 40.7702 28.4996 29.6699 20.8751 21.056 19.5544 18.2719 19.129 29.6352 26.0842 39.3331 37.9659 38.9607 45.4164 39.0573 38.5936 32.9582 29.1983 26.0044 20.3114 21.0096 17.2589 17.3894 31.7591 28.5306 
35.3886 31.1781 40.0412 43.0335 49.524 40.9418 42.369 30.1531 26.2527 23.1775 19.8854 19.6929 21.8371 26.858 23.5333 29.7983 43.4008 43.3492 48.2375 43.868 44.0174 28.0555 25.2838 22.7374 13.7026 14.0234 22.1151 23.7195 25.4777 37.8699 37.8675 46.9544 43.1349 41.2859 37.2685 29.3465 24.3118 21.7426 19.1515 21.6677 10.8815 16.147 30.0197 28.4724 38.7162 44.6195 47.8467 48.8456 39.3609 38.4488 33.1053 19.9349 14.9612 12.1486 12.6295 13.4592 18.9672 35.4734 30.1459 45.5273 
27.6615 37.1994 39.1576 44.2635 46.4725 40.1781 38.7275 24.4118 25.1548 15.9376 13.1251 16.8667 13.8752 29.9686 34.3223 40.8696 44.2248 47.5938 47.6068 44.7513 39.8125 32.4614 16.6461 16.3054 21.2563 20.6274 19.267 31.901 34.9954 43.6426 43.1521 47.1252 48.5237 33.1311 32.6974 20.2997 14.3496 18.3297 12.1545 11.2614 19.7005 29.3133 30.4574 39.9141 49.5431 49.8514 46.4451 39.5613 28.8598 22.4858 13.9671 10.0061 11.715 15.9452 21.3477 25.4394 41.0241 37.1046 45.6228 43.5888 
25.7836 34.1285 42.6593 37.1762 35.9612 34.3068 32.1078 29.7494 25.0472 17.4549 24.6516 25.3114 22.9948 30.2558 25.9548 28.426 34.5555 40.3858 39.6422 40.5662 32.6122 34.0911 26.0326 25.6679 26.5453 17.3382 24.9795 20.1339 27.5418 36.6117 31.8551 37.9467 39.7359 33.5354 36.6071 37.4791 32.6121 22.2615 20.662 16.1235 24.5471 27.6863 21.7472 27.1976 31.2589 40.5694 37.0671 34.4648 34.7299 33.3714 23.0596 30.1622 22.0215 22.2164 14.8119 19.3567 24.5075 34.4315 32.155 34.8388 
29.6948 27.9318 26.9575 26.1917 27.9088 28.4783 26.8705 32.8826 23.98 26.4234 27.4549 29.2516 32.7012 26.7037 28.4083 26.8336 29.6949 29.6471 24.5459 23.7024 31.0647 22.1548 27.7423 24.3822 29.1417 27.5692 21.1145 22.3714 28.3728 23.5765 20.3049 22.3579 22.2914 24.8354 25.6458 28.8045 23.2488 19.3518 28.0225 17.8259 21.9438 19.194 20.6867 23.5869 24.5357 22.859 23.4042 19.2278 20.3055 17.5259 23.0569 24.3678 15.6188 23.0707 17.5799 22.927 23.257 17.2779 19.2189 15.026 
29.4055 24.3264 33.5648 28.0234 28.5793 22.8407 31.4155 24.7897 22.6877 27.8992 26.9392 26.6347 25.6945 22.9756 23.7026 22.5101 29.6712 28.7355 23.2183 27.9329 30.1872 22.3551 27.828 23.6835 19.1946 26.5488 27.8226 26.0426 28.5165 22.729 22.7973 18.2025 24.2575 22.598 24.9871 19.9862 24.0409 24.7849 22.3876 25.51 20.7985 22.3693 17.8565 25.7601 24.8453 16.5376 13.7158 14.174 24.5703 21.7077 21.9493 23.7401 21.0359 17.3739 17.6371 21.5127 21.0558 12.5057 11.9985 21.9009 
32.991 24.2543 29.5469 30.3613 23.746 30.6823 32.6023 22.6777 33.2909 25.5171 32.7442 27.3867 22.1522 22.7668 30.4466 29.8876 31.5528 20.8151 31.4096 28.5734 25.8493 25.3732 27.3428 27.8043 23.4122 25.3564 21.7065 28.3684 18.4523 18.3254 27.0875 18.8102 20.5705 19.6905 27.0623 25.1625 27.3976 19.9499 21.7513 17.9038 16.4337 16.6895 17.5563 22.4659 24.1528 25.4548 20.1164 15.5205 25.4551 15.7192 23.34 13.5372 18.46 12.9931 17.4517 20.0691 15.6855 12.4633 20.9357 21.6663 
25.2155 34.8513 30.5831 27.609 35.7995 31.2794 33.399 29.5344 26.846 31.972 24.3959 32.7843 29.4558 31.4586 27.2282 34.9086 31.9488 31.6268 33.4221 27.656 33.7478 31.9782 33.0997 32.6532 24.083 28.8477 30.8736 25.1391 24.2513 22.4225 20.1968 24.3886 17.9222 17.0123 20.4285 26.3988 19.3092 28.2253 20.315 24.1433 16.6854 19.5439 25.6291 16.8297 16.9924 22.6292 18.5748 24.8329 28.0685 17.6608 17.4419 26.5438 20.9713 17.7948 17.2708 23.5686 24.6853 21.1835 26.9937 21.0572 
34.9791 24.3371 32.2926 32.4824 25.0987 34.0783 33.1805 28.2513 28.8873 30.0837 32.9455 35.931 25.8383 24.9717 26.1218 28.8954 26.3642 33.457 29.2553 34.1499 26.3524 26.4278 26.6147 24.9435 16.9506 26.6885 25.5005 19.1524 19.9133 17.996 23.6564 21.9855 26.2111 18.8498 22.1357 23.0725 22.3983 16.7368 18.4837 23.4155 18.5432 20.4476 19.7528 15.8937 23.9806 20.0088 19.8189 24.7367 26.6624 20.0547 21.0932 23.8451 23.1055 17.6692 18.277 17.1103 19.5971 18.3196 24.2579 16.3828 
28.9736 29.0261 31.4039 27.894 35.9853 35.848 27.6997 24.6584 29.0643 32.8158 28.3908 34.4742 27.9906 35.545 32.5136 24.8685 25.7006 35.7367 27.0861 34.111 35.7576 34.7515 32.2859 31.1689 32.6759 25.5967 24.6305 33.3579 33.6564 32.0006 17.4412 19.4437 26.4396 22.0884 16.8382 22.7681 18.0541 24.0809 27.261 17.3439 20.4634 23.8727 26.3107 26.6349 16.2555 17.0413 22.7483 19.8281 21.2115 23.7706 24.1867 16.2786 25.1705 21.0818 25.2986 20.1036 21.2845 19.0195 21.4333 22.9591 
24.2141 33.1496 31.5207 31.9863 29.0636 32.6267 24.7859 35.9475 32.9363 24.5281 30.5545 25.9279 29.5979 24.9562 26.3766 33.8169 35.7749 25.5919 25.9341 34.346 25.7939 28.8444 35.2608 35.8127 33.9498 25.0198 26.4758 34.0368 29.4011 26.2 30.1777 20.5013 17.7457 13.8517 21.5174 17.7538 15.9695 16.9213 19.7676 22.6507 20.505 23.5015 18.7412 20.5619 21.7091 24.569 20.9791 23.3087 16.0403 13.2014 21.6838 19.6938 23.6065 23.6745 13.2653 17.5235 23.7681 19.3229 22.4329 24.0799 
27.2609 33.5668 26.9679 27.569 24.0499 31.1479 28.0045 25.8464 28.747 31.4663 29.0618 25.3077 32.547 31.4006 25.8332 25.7403 33.3667 27.3112 28.8198 26.9767 27.9557 34.1973 31.4322 35.8392 28.6596 30.8905 31.5155 33.1588 31.5129 27.2033 35.9743 27.5815 14.9621 23.9846 22.5161 18.2725 14.9474 24.624 15.5445 16.0182 25.7197 20.3503 16.551 24.025 17.8113 16.6351 23.2744 24.6633 15.0674 23.0512 22.3736 17.8455 23.7746 20.723 16.3795 19.8868 25.545 15.2555 22.8437 25.4462 
31.1828 32.9833 32.655 30.6349 27.1144 31.9591 35.6754 32.6612 27.1875 27.4096 31.9756 30.3999 29.6107 34.1848 26.789 33.2815 32.9859 29.953 28.3148 30.6496 33.4699 31.3951 25.2001 30.741 29.6713 26.8735 33.609 35.2938 28.1349 17.4125 18.9937 24.1329 13.9595 14.3128 20.7138 17.6655 25.181 17.4338 20.6906 15.6873 19.5152 14.1692 15.8055 24.0121 20.2305 23.1576 15.7222 15.4636 25.1946 19.0029 17.5248 25.5185 22.2752 13.9246 14.9723 23.7617 15.4813 22.9523 20.1872 24.8083 
33.3759 25.4986 31.0451 31.5695 35.6331 33.6964 29.5351 27.6017 35.1682 29.35 31.9022 27.9102 25.6668 30.5846 28.3358 30.5119 29.111 25.6338 29.982 32.3142 29.921 33.5327 32.7604 15.9175 16.374 23.8153 19.4491 19.9845 22.3854 25.9992 16.4742 18.0155 25.3661 24.3555 15.9851 22.4188 19.2611 21.7556 25.1667 18.3886 22.2183 24.5131 17.2825 19.2772 20.275 26.3209 17.4643 21.3076 20.4894 24.834 18.3687 23.4584 16.8598 23.14 25.4043 19.6389 15.3025 22.5099 19.8174 20.6888 
27.9461 34.2957 33.1339 30.1454 31.2886 30.78 31.0363 29.6511 30.8784 32.2606 30.0966 33.2672 31.8552 35.4304 33.9913 30.654 33.0927 25.7876 25.5489 32.7435 33.2951 27.0395 24.6089 26.0164 25.2687 29.5373 17.6273 19.5431 21.5698 25.9569 18.4054 15.4824 24.9493 24.0147 18.1851 14.7512 17.7092 18.5934 17.4705 26.1159 20.9381 14.8474 18.1473 21.948 20.98 24.4914 18.6867 20.3084 25.517 25.4002 16.5131 25.1927 15.7034 16.4665 25.438 17.8509 21.8503 14.6624 25.8089 17.5994 
33.554 29.8006 30.0268 28.0824 26.4949 33.0193 27.5444 33.7735 27.594 32.7648 27.0083 27.836 30.1829 27.8231 29.5278 32.5882 28.7496 24.889 26.4931 33.4173 26.0072 24.8777 22.0788 19.0242 25.9375 19.1825 17.9086 19.0782 26.7876 26.4035 24.7709 16.1614 21.7519 25.3591 20.2581 16.3747 25.4833 23.6383 25.5112 23.1162 25.8652 21.2364 23.2531 25.7785 19.4274 20.1332 26.8214 16.7636 21.9638 24.0254 22.3131 16.1416 20.1354 22.5679 17.3596 17.0769 16.3575 20.6727 26.9371 23.8811 
30.1384 31.0337 25.8581 28.2601 31.9617 31.4175 33.9594 28.1129 32.8107 25.6044 31.235 30.2446 27.551 28.7885 26.8673 29.3206 31.7204 25.8346 25.9863 28.5017 34.3409 24.0878 29.1701 24.3893 32.5456 29.216 34.2285 25.0659 18.355 23.495 21.9064 24.4688 19.8364 17.1847 18.7274 27.0313 24.3521 17.2508 19.5474 16.2758 25.0318 26.7071 26.0005 21.4529 18.1707 27.1316 19.5151 24.9822 17.6903 27.0357 22.2714 27.754 17.1678 26.8708 23.1928 25.9913 24.6481 18.3715 17.5144 20.3839 
33.5866 33.9476 34.1544 34.5028 34.0945 28.7952 35.986 35.1256 33.9193 24.264 28.5778 24.2997 32.5518 35.5446 27.6601 29.646 29.5307 27.3836 26.2808 31.1097 33.2782 27.4735 29.1738 33.8393 24.4524 27.309 26.7938 33.2642 26.1229 31.8846 28.2304 32.1842 29.9445 35.9941 25.5122 35.0346 13.686 22.597 19.3735 21.5416 10.9106 20.769 22.1556 12.486 18.5124 13.4404 19.0776 20.7914 20.1906 13.6288 12.5477 17.1225 19.8674 15.1461 22.453 16.0675 21.7741 11.7181 18.2682 22.6025 
34.5543 34.7485 29.278 30.6412 34.4845 32.5705 35.5696 34.7015 31.2695 34.7089 29.6085 33.1974 27.6898 27.8206 24.307 26.6253 30.9111 30.6268 29.3588 35.0048 32.1141 21.3446 18.5244 23.8171 26.3899 26.7204 21.9528 16.5561 22.4852 20.9499 26.4071 21.1059 17.072 19.084 18.3735 25.2048 18.8329 25.2368 21.3814 25.1351 24.8262 24.336 25.9852 26.6987 19.0609 17.9908 16.0376 22.0589 19.4145 23.6214 20.9271 21.0329 21.352 22.1947 21.193 16.8873 17.8168 26.402 22.2432 25.3885 
24.126 25.8214 34.2616 27.0655 28.7518 34.1312 32.1938 33.3318 32.4438 31.9415 35.7253 33.1911 33.5837 26.3913 34.6303 29.7598 27.2936 24.7179 35.4051 33.2359 32.2937 33.3994 29.245 32.1328 34.3049 30.9059 27.161 27.8066 28.3729 28.7478 34.7702 33.3759 35.642 28.6666 25.7939 28.3872 24.2681 26.7633 19.1327 26.7448 22.8413 20.5208 19.4849 22.3731 20.8249 26.8645 26.5781 22.2064 20.5267 23.0348 25.4706 23.2955 23.6998 19.0329 18.597 23.3014 16.4539 16.9816 15.9533 21.3618 
32.3814 34.765 25.5724 25.9437 31.9679 29.4209 30.0793 32.547 31.2441 24.7429 33.7559 24.9768 30.159 31.3499 27.5007 28.45 25.4986 28.0765 28.8466 25.9797 27.5708 27.7445 30.545 35.9108 33.6645 31.9345 29.4572 32.7641 26.3546 31.5644 26.3267 17.6677 24.654 25.6242 15.4155 18.8108 15.0832 22.0203 22.7066 20.1192 24.0786 21.7254 23.9181 14.9645 21.6593 17.6005 24.867 14.6432 14.0381 21.1225 15.1019 20.6913 19.8768 20.7978 21.9638 14.6179 18.3694 25.1145 19.3356 22.5814 
34.1378 30.3624 29.4841 26.095 31.8357 29.2028 31.5199 29.0386 29.8098 33.3131 29.9078 35.3985 25.4582 28.5319 30.7561 33.692 26.6756 28.7125 30.3019 24.0984 24.1414 34.0203 33.2253 31.1971 26.8026 28.2671 26.0524 34.8506 30.0709 33.706 30.8652 33.1911 32.9289 31.1406 33.6274 24.5016 33.6237 28.49 32.677 11.9923 22.2168 11.8073 12.0621 20.7788 17.9556 11.7166 11.0284 15.2261 14.0627 20.0153 10.8642 18.0676 21.5478 12.7308 14.2114 18.6331 14.4692 18.9251 13.9838 20.4909 
33.2969 34.0637 32.59 29.2138 24.5372 35.1256 30.9059 35.6115 31.8838 34.2682 28.5227 26.2544 35.1378 33.1735 34.6865 32.7993 31.8879 32.1493 27.1427 35.5994 33.4632 25.7215 27.0193 35.3658 31.9562 24.8571 33.6645 27.5499 30.441 33.9939 34.9002 27.2356 29.9736 25.3646 25.3844 33.6028 29.3978 22.0569 22.6841 24.3523 18.54 14.892 21.235 21.0327 16.2706 19.6773 20.7738 17.4203 16.268 21.394 18.6997 25.9061 21.7418 15.6122 18.721 21.9981 19.9204 16.6106 20.0276 20.4242 
28.3791 26.5147 26.3957 24.4697 29.1712 24.0264 25.4766 30.405 31.6547 34.696 27.0274 34.3336 27.3347 33.9322 32.4435 26.5999 31.5049 34.9182 35.552 27.8654 29.8953 27.5683 26.7567 16.1061 23.0778 25.6781 25.9406 23.8478 19.5345 17.5196 22.1017 25.3836 16.7859 20.2157 18.5584 22.5865 16.6896 23.8038 16.2526 21.2626 18.0509 25.3164 25.6887 27.2031 17.9338 20.3365 21.5814 21.2957 27.6614 22.6794 17.6716 19.3652 27.1708 16.3239 19.916 27.5891 28.0643 26.4683 19.3744 23.2283 
26.3036 30.6055 34.5858 28.7136 32.4178 32.1093 27.2444 33.4923 26.6928 32.4971 25.2309 27.255 30.4638 28.8047 28.7933 29.1701 28.7687 28.5322 25.3091 29.4253 31.6378 29.7257 26.4732 29.5814 26.7328 26.1864 30.1146 32.2801 35.7944 26.1416 25.8438 31.821 24.0845 30.6158 16.8249 18.5131 23.1804 23.5017 23.4892 27.294 26.828 18.8773 18.3357 15.814 21.1232 25.9647 21.4427 22.7173 20.6708 24.4815 17.0453 18.289 26.7707 27.3847 17.9846 19.4524 20.857 23.8421 21.6965 24.7628 
33.6013 34.01 24.8024 32.366 27.3766 26.4148 31.7494 30.1091 29.0919 28.754 25.3352 26.5074 27.1368 27.9869 25.8387 35.3027 27.2962 28.1779 35.0327 27.3274 26.1736 29.44 28.6596 32.7982 30.7058 25.0444 26.7688 34.0886 32.3891 26.1016 33.2168 34.4169 22.654 24.2587 18.0105 23.3763 22.239 26.2186 26.6486 24.251 17.0175 20.9328 23.124 26.8131 27.2791 26.7632 21.4998 16.0712 22.4215 19.3049 16.4524 20.9997 26.9284 18.0637 25.5701 19.226 22.7491 25.8455 19.995 20.2674 
33.9509 25.0987 26.4949 31.6951 35.7973 31.3558 30.7392 27.4041 31.5467 34.7731 26.0476 31.9654 24.8982 25.9268 29.6515 32.8217 26.3612 24.6948 26.2507 33.1302 28.3501 30.126 35.6702 24.7723 27.4948 33.2293 27.8742 26.5918 25.2243 28.2428 16.4867 23.563 21.3105 17.5255 23.6287 17.4029 16.8612 19.0293 19.7957 23.1286 28.2156 22.1675 23.7356 17.5211 19.9378 21.3622 20.8356 24.1432 24.2827 26.153 18.5343 26.8198 17.2079 19.5298 16.3993 18.7928 25.1038 18.2868 19.095 19.4685 
35.5314 31.9037 27.8117 34.1 35.5197 29.6273 24.9584 25.2926 24.6661 33.0263 31.8578 32.1075 34.234 33.8878 26.9972 34.9274 32.5984 31.5074 28.476 33.7743 31.214 35.1723 27.9002 25.5155 34.1742 30.4704 32.7883 28.5653 25.7729 24.1223 29.845 32.1207 28.0361 27.2343 16.2926 21.636 17.4189 20.0056 20.4602 18.2796 21.979 17.2378 24.9112 26.0963 26.5119 18.2356 19.4213 22.4402 24.2712 20.6126 24.8811 17.7611 23.2565 20.7033 21.3635 26.227 27.5504 16.9143 23.8088 26.6901 
34.8693 25.6363 33.2198 28.1309 28.2223 26.2276 28.6927 27.8073 29.0955 28.999 25.0077 34.7761 27.1463 30.0815 24.141 29.8832 29.2641 34.1712 26.1578 24.618 32.1038 24.119 25.6841 31.0903 29.4249 30.6617 32.8415 30.8094 35.0599 34.9391 30.282 26.8709 24.1212 32.066 24.6287 29.5182 25.958 24.5068 31.7593 27.3632 22.5644 24.6172 25.6615 24.2294 19.6803 16.9449 16.5494 18.2463 21.3225 24.6741 16.0525 22.3823 17.4542 21.3996 26.259 27.1113 16.3536 25.1361 27.021 21.2725 
27.1599 35.3985 35.0878 28.0879 27.4486 32.0443 34.4962 31.9532 26.9958 31.9591 27.3516 26.5379 30.2732 28.7169 30.0239 25.6077 29.9743 32.5144 29.0386 24.2534 26.4012 31.5688 26.1875 27.5194 27.3189 24.1432 28.1925 28.7584 30.1594 31.3194 33.9528 31.3495 30.5729 30.7366 18.723 21.3788 23.585 22.7272 13.4872 18.1223 14.4056 21.7746 20.8988 20.417 23.9225 23.0136 15.7357 17.1425 14.9473 18.7414 23.9317 24.2996 13.0473 18.3962 17.4609 22.8223 17.845 21.3549 21.5128 17.5949 
24.6911 28.3233 25.7502 32.8885 30.2971 32.6418 27.1544 29.0533 30.6346 35.075 27.497 35.3923 30.9974 31.8982 31.5666 26.6172 25.7061 26.077 30.5652 34.8389 27.6223 30.4785 30.0819 25.0337 34.1371 33.0296 35.7892 29.711 33.7937 32.5015 31.8262 28.7481 31.3598 30.9772 28.9637 29.0173 27.0472 21.9028 15.3722 24.7139 26.3777 25.7575 16.9648 25.8012 25.9411 17.4841 25.7153 25.7832 25.2515 16.5454 17.18 26.2452 24.2097 15.276 20.1861 25.4814 20.2782 26.2085 24.502 26.2514 
26.9043 24.3415 31.7311 26.81 31.0242 28.7302 26.3458 26.0406 28.7628 34.7694 29.7598 25.6819 29.4459 30.3507 24.672 27.9392 25.1476 25.1332 30.4781 28.0508 32.3194 29.44 35.7216 31.9297 28.342 35.5278 22.0342 25.3102 18.8615 25.0102 25.258 25.1141 16.1484 15.8135 18.1079 25.9627 16.6754 24.7796 20.6039 23.9489 26.1526 22.7264 18.0616 14.8356 15.6516 22.8153 17.3981 25.1861 22.2468 14.767 17.3518 16.6996 16.3566 21.4111 20.8393 25.1214 15.9681 16.2182 19.1336 22.7 
31.1949 32.0851 32.9315 28.0141 31.3973 32.6458 32.7516 33.0957 35.5491 31.4028 35.299 27.8911 35.1286 34.7254 24.9045 31.0491 29.1917 30.8589 26.4486 29.1554 24.7054 32.5368 27.1669 26.3139 33.7152 32.8437 26.3296 34.9912 30.1054 34.1499 34.1775 26.561 27.2826 27.1467 28.0181 34.4419 25.9163 22.6036 26.7473 22.1034 23.4071 19.1602 21.2221 15.9496 20.1153 15.1663 23.4144 24.476 16.0891 26.7209 26.5369 21.7285 17.5635 15.3617 18.7419 21.8438 16.2602 17.8444 16.4457 22.7035 
25.5353 35.6152 29.1837 35.0056 34.5186 25.275 30.6125 34.7221 24.9834 32.0406 30.2651 28.3945 28.9644 32.0355 33.5018 24.2747 26.9282 26.0755 24.7186 30.423 32.7281 32.984 25.0091 33.6494 25.9132 35.4561 27.4438 32.7262 34.1004 29.2623 31.4634 26.9642 24.3426 31.7682 21.9814 26.8779 17.664 23.2322 23.5083 17.1833 18.5861 18.8637 22.923 19.2354 25.5743 24.6702 15.3671 18.5406 18.896 18.7499 27.067 24.7716 23.3567 23.92 16.7471 26.0829 18.2369 24.4359 18.6728 24.7631 
30.4227 31.0532 32.5713 31.8354 34.5932 30.7723 28.6126 34.6369 27.5819 28.8502 27.2205 35.6827 35.4565 27.4867 27.2528 28.0409 31.8765 24.5134 32.1207 28.8146 33.9267 34.2263 24.8854 29.0159 25.3807 24.3004 26.6653 30.4175 28.1419 22.4235 21.2234 16.9244 23.502 22.5333 23.8759 22.7955 16.4125 12.6283 13.5511 21.056 12.7219 22.6266 22.0534 14.8896 13.9286 20.8948 15.121 19.2599 15.9953 23.3342 23.9284 22.884 16.6303 18.8938 21.096 18.7631 21.4651 18.7234 15.3872 16.4059 
31.7568 28.7952 24.405 34.01 31.7494 25.6077 32.9976 30.9059 34.0743 24.9533 35.8594 32.2489 34.5998 27.0362 26.8342 31.011 28.6093 33.1555 34.5609 30.1921 35.1708 28.2531 31.9242 33.1856 31.2779 29.5792 32.2353 27.4934 26.2771 27.3608 28.0607 31.3532 31.781 34.4525 24.2754 26.175 12.9181 22.468 13.5321 12.5439 22.909 23.0956 14.9114 14.2471 13.5545 12.0239 20.3121 11.7558 20.6216 14.2507 21.117 18.3092 12.1554 12.1076 19.8534 15.3065 22.8595 18.9291 15.2562 16.6799 
34.4533 34.0717 31.214 34.2102 28.5297 33.8077 28.6978 31.4028 32.5999 32.6076 29.4664 31.2221 33.8422 29.6232 27.6582 34.3593 26.7101 33.8646 25.1567 26.6388 25.1575 35.0353 24.3235 32.4038 24.318 29.7642 35.0452 28.6993 30.827 34.4136 25.7726 27.4739 34.3229 33.7056 31.0165 25.3437 27.2881 24.9786 32.1167 20.0003 18.1161 23.2308 16.4277 20.5133 23.3079 17.3799 23.3519 24.1308 21.9418 21.81 18.9578 17.0383 12.5976 18.956 19.1447 19.8167 23.5054 21.2195 14.3048 20.614 
33.2066 31.0572 31.0873 30.0793 30.1869 25.5423 25.4792 34.2329 28.4063 32.7082 29.2718 35.1877 24.7616 33.5984 33.7229 33.3942 29.0456 31.5798 32.7813 28.8455 29.5821 30.5916 29.675 23.749 22.311 15.0827 25.9116 24.0612 21.7176 23.0021 22.3966 26.3559 26.5414 24.5705 20.6424 25.9858 22.8567 18.8202 25.4368 20.9787 21.5233 24.5308 24.9146 15.7973 24.3384 20.8278 25.8624 19.2051 19.92 15.1888 19.6744 21.5622 17.2158 22.632 22.217 15.1102 22.2567 22.6525 24.0369 18.5095 
27.5775 28.9718 27.5752 29.3232 31.7035 30.8729 29.1638 32.7857 26.6436 24.2644 35.502 26.0531 34.3644 25.582 33.0582 32.6418 29.5424 29.2725 24.3503 33.276 26.9535 29.9097 35.2971 35.5865 30.3158 26.756 30.8431 33.9344 33.9898 26.1846 29.5256 34.2197 34.2891 27.2976 27.793 35.7503 16.1076 21.1194 15.646 15.5946 22.5023 19.2579 25.7842 18.547 25.1551 14.9596 21.4245 17.983 23.3322 19.9017 17.3187 18.8441 17.0689 19.4845 22.5357 19.8984 22.3819 18.944 23.9595 22.6375 
29.6254 25.5034 31.5978 31.4663 33.5488 28.2935 28.9244 30.6922 25.3301 26.8728 31.817 24.2666 31.387 31.6536 34.8491 29.2509 28.2719 35.7808 31.4722 32.3223 28.5084 29.8671 31.474 29.1525 24.1245 25.3763 15.9175 22.2307 18.264 24.582 18.6793 26.37 24.1538 25.9022 24.7998 17.2729 25.463 22.2961 26.8757 24.5111 25.7024 21.3556 25.9675 15.5065 24.2809 25.0252 21.75 16.837 15.0791 17.3331 26.7468 18.8795 21.3321 23.6915 22.3097 19.1361 15.2851 22.5278 20.6572 24.1289 
35.899 26.6719 34.1911 35.827 25.1009 24.8564 25.8141 30.6301 34.2124 32.5874 31.0315 34.3038 24.5549 35.8704 30.6834 29.0577 28.6365 29.8553 32.037 32.9785 26.1183 26.1073 25.0956 22.7028 17.6979 16.2812 18.186 24.0163 24.5528 21.4517 15.8358 21.3107 20.8788 22.5592 21.694 25.8561 20.5325 21.542 25.7658 26.0184 20.8204 24.9586 18.9593 23.3458 16.0682 22.8361 21.9393 25.7221 19.6707 26.2986 21.8787 16.0021 15.2879 16.9459 17.5338 16.8464 16.546 15.9268 18.0843 17.4747 
