29.709377358490574 29.915089622641524 30.21725188679245 31.99713018867926 31.131757547169826 32.117910377358484 31.50390188679244 32.09909716981132 32.732673584905676 32.90579811320757 32.93990849056603 33.701701886792456 33.88309811320754 33.9521141509434 34.687696226415106 34.62001886792454 34.76495660377358 35.55252169811319 35.60604622641508 36.202531132075464 37.09571132075471 38.45372641509434 38.52102264150944 38.95803301886792 39.38823396226415 40.64999811320753 41.317878301886786 40.55782924528304 41.43585566037736 42.06064245283019 41.230647169811334 42.3263433962264 42.12445471698113 42.362491509433944 42.79661603773585 43.28095377358489 43.73676886792454 43.81561037735852 44.20425471698113 44.1256320754717 44.50362547169811 45.023556603773606 45.80221226415095 45.46023301886793 45.97468301886791 46.841879245283025 46.218752830188684 46.56651792452832 46.8689849056604 47.754172641509406 47.577786792452834 47.89428113207548 48.416783962264134 49.04570377358491 49.031476415094346 49.66180094339622 49.901416037735835 49.53265660377359 50.39670094339622 50.22582358490565 
31.8423 33.3021 32.3712 30.4253 31.1032 27.9209 28.0685 31.6294 30.8263 31.6236 31.6596 28.9334 28.4097 30.999 32.7143 31.1408 34.8166 31.4493 38.534 36.0718 39.5278 37.4857 38.5054 36.7237 41.7028 38.9689 34.8491 32.8099 41.126 33.7559 36.3514 33.0182 32.937 38.9925 38.0194 39.337 44.1277 37.2854 39.6778 34.8823 39.1971 38.6173 42.2168 38.776 45.8156 35.7799 38.4099 44.949 39.094 46.217 45.3056 40.7793 43.6028 42.1233 38.6905 42.7685 39.8767 45.9186 41.1792 44.3473 
33.786 29.4283 27.3768 37.3424 26.0134 36.2028 31.0243 37.7853 35.7543 36.953 32.4006 37.2576 37.5364 40.4136 33.8632 33.2537 43.2327 40.0221 34.1173 38.4532 42.5647 37.4766 37.2659 43.0438 39.4282 43.5632 45.8074 49.2652 40.0135 43.1008 40.9674 47.6898 47.2499 49.2136 43.9907 51.4391 49.9115 53.2786 45.1929 45.8125 48.8848 55.9336 50.8227 53.7613 48.7672 57.6819 58.6001 54.3536 57.2922 50.0882 55.5525 50.9293 56.8585 54.5623 53.5783 62.1838 62.8526 57.1975 63.8281 56.1269 
24.9438 31.2313 27.1868 29.4919 32.5623 27.9714 32.5903 32.2162 34.9671 40.1439 37.8224 37.3428 36.9154 32.3087 38.2306 36.7636 38.6706 33.7404 42.3095 34.9196 39.4181 39.438 45.2791 39.3199 43.1482 36.0969 36.9049 44.5956 47.8287 42.1111 39.4279 46.5685 40.8066 44.658 45.1153 44.5902 41.4234 47.8347 53.8572 44.5647 45.3238 54.7247 44.2337 44.9766 55.8376 52.9711 54.4026 54.4372 56.9123 55.3656 49.8034 50.875 52.8169 60.4592 54.8577 51.2098 53.1535 56.9139 57.1934 57.2379 
28.1121 36.3293 29.4486 36.2299 36.3084 27.1836 33.3193 30.7454 27.2486 35.6898 28.3023 34.4149 36.1121 32.1317 38.5204 31.5615 30.0991 35.5261 34.4978 33.9079 41.7105 40.1728 40.6953 36.2342 32.534 40.753 43.6766 40.6874 32.3973 37.5158 44.2263 34.2962 33.8502 41.4931 37.198 38.8984 42.4324 45.5173 45.8172 45.8344 39.4513 41.1374 42.3521 38.8468 41.1352 47.2166 38.3026 49.9033 46.9802 49.8109 43.6625 42.2603 49.1265 47.7338 46.039 46.8042 52.0079 43.246 46.1068 45.1586 
33.8521 29.3957 31.5708 31.1028 25.3776 31.4809 36.1373 32.8189 37.5624 31.6066 35.3645 34.9452 38.5599 36.8803 38.5829 31.8456 32.358 31.984 35.6291 35.851 30.4303 35.6409 33.5137 34.9342 35.8212 35.5492 36.5261 35.8597 35.5282 42.8287 40.8326 39.7685 39.1554 43.7347 36.4371 43.822 39.3814 41.5543 39.4323 36.2012 40.5088 38.638 39.1037 41.9803 42.6664 43.1847 39.2537 42.7773 43.7083 46.995 42.2052 44.2995 42.6413 46.78 46.5499 42.4782 46.4594 43.2089 51.5067 41.9907 
24.3085 25.0208 28.8281 36.8007 35.288 31.4105 36.0205 31.5055 28.0319 32.3991 40.0655 30.9085 40.8476 39.5119 42.1863 38.2533 37.2412 31.9399 32.4066 41.9704 38.0374 43.0109 38.4823 38.8465 35.3263 46.8235 40.3321 39.5425 43.5947 47.0212 48.1591 40.2924 47.7524 41.6874 46.8247 46.8959 46.9777 49.7472 44.4974 50.599 50.3566 53.3457 48.4711 54.0131 54.7846 53.6267 49.7506 46.6692 53.6246 58.2838 55.884 52.4166 58.4628 53.9063 61.1162 52.0021 50.0944 58.2543 53.5134 59.4715 
24.3698 27.8755 30.794 36.7516 30.1614 34.2076 30.7986 37.802 33.6575 37.9637 34.2014 31.489 33.0737 29.0628 39.3386 40.3215 34.6842 38.0191 41.299 41.7387 31.535 38.8591 35.8947 35.9258 42.1618 33.023 34.1796 33.8405 39.7122 40.8846 41.2693 44.0432 41.0983 46.3791 43.4581 46.6678 42.1843 42.5297 41.6119 45.1653 44.5637 42.871 42.4655 39.7585 40.43 50.1219 45.8121 49.3347 44.6657 51.6751 47.5062 49.7913 52.6863 45.2849 48.1314 51.8167 49.2607 44.194 51.1619 53.7576 
32.1313 31.7108 35.7934 27.4192 27.6166 33.0543 36.0639 36.9642 29.0582 30.3856 38.7646 32.3132 32.5084 38.5142 32.6819 37.7119 35.5316 40.359 39.9454 44.0302 44.16 39.7779 37.2605 42.0012 40.8648 38.8355 43.6566 37.2466 43.2638 43.6746 38.1951 45.9606 40.3611 40.7058 50.9592 52.071 44.3501 47.2705 42.643 45.0867 44.7594 46.1389 48.4207 47.2484 54.8486 52.3914 57.0172 56.6627 49.071 49.841 52.5337 55.6982 53.699 57.5873 50.9336 59.4544 57.0699 51.8196 53.3589 52.7609 
35.3004 32.6963 26.872 36.7859 29.2162 33.5323 38.1741 34.5968 27.9764 33.2321 31.1204 37.3244 39.475 40.4809 32.9652 37.9257 35.1615 43.2849 41.7152 41.9863 41.577 42.7111 34.7162 37.4503 40.1352 36.1661 44.3839 39.6744 38.0268 40.8414 41.2418 40.7139 41.3721 49.4019 44.2929 46.7141 40.8134 44.6404 42.4611 44.3513 53.529 49.4089 50.8622 44.1022 55.0994 49.7588 54.1002 53.3115 49.7717 56.3847 52.0572 54.6418 52.3832 58.0834 56.6337 59.4725 50.0009 60.1209 50.3453 59.1334 
30.2515 28.6556 36.289 26.3907 35.7298 35.9366 36.1815 27.9742 28.5137 33.1142 29.3176 32.0442 32.9692 28.5075 29.2677 32.7244 28.3996 36.7392 32.2871 35.1907 35.4984 37.4741 40.326 36.2792 37.6541 32.5134 41.6646 35.9484 38.3093 43.6869 36.7905 33.3523 44.1691 44.3983 34.6876 39.4783 34.8033 40.2907 34.9513 36.0383 45.3628 39.1979 41.2338 44.9372 37.8962 41.6066 37.2036 45.4698 36.9451 44.4959 42.7153 47.9713 48.4778 45.3876 49.0176 49.043 45.3036 39.4619 46.9561 44.7084 
28.4257 26.9938 26.9668 30.847 35.515 34.0646 33.1163 27.1808 37.2714 36.2559 29.6748 36.6051 35.1412 39.0806 36.7262 39.4162 32.78 35.5054 33.4954 37.0514 34.0591 31.4759 39.7085 32.1267 32.2649 37.7158 33.4 41.8694 43.5012 37.201 37.9621 37.0262 38.7755 39.9923 43.3845 41.2662 44.3841 42.2948 46.3428 42.4979 36.4419 37.5313 42.5587 47.3838 43.5715 40.6887 39.4836 38.767 47.4946 45.1023 43.0655 46.9664 47.4131 41.3982 50.551 46.5232 46.3846 41.8187 51.2098 45.7781 
29.7404 25.5891 27.592 26.8033 26.792 37.2971 31.5954 35.2787 35.9409 31.3922 34.2783 36.0939 35.631 40.2588 41.3602 34.3746 33.8735 35.8735 34.5659 37.0087 39.5055 41.5999 40.8516 38.9976 38.4571 36.4361 42.1236 43.1119 38.5681 38.6533 44.7001 45.5389 47.9692 39.8013 44.165 46.5594 38.5372 43.6417 48.4366 43.0117 48.2249 49.4614 51.1301 49.5438 52.6234 41.7961 45.8359 45.2485 48.3497 54.633 45.5936 49.1116 50.8138 47.2456 53.7837 52.4052 51.8714 56.8128 46.9879 47.5532 
28.1599 24.2887 25.8051 34.9801 25.1347 26.7568 27.3727 36.4123 36.1388 27.7068 32.488 29.0913 35.0191 37.6617 38.9191 33.9834 30.377 38.9289 33.2863 31.8917 35.2023 36.0958 33.6072 35.8679 31.6366 36.8904 39.9256 42.284 35.0377 35.9753 36.2941 32.4061 42.6208 32.1441 36.9628 33.879 43.0449 43.1852 43.2838 40.9377 40.6858 40.5853 36.5493 43.4101 42.3284 45.0991 41.7388 35.5322 44.2607 40.6304 38.4283 38.0402 39.6954 43.7154 42.6318 40.6647 48.4025 46.2154 39.5707 42.8827 
33.7317 28.6552 25.6557 31.9649 28.9012 31.4115 33.6236 32.7951 37.216 36.4011 35.1056 37.7723 38.7843 32.8908 38.8768 36.7014 33.8543 32.9285 36.6025 37.3403 32.8377 42.6065 36.4027 38.4143 36.4863 38.8038 43.8872 39.8808 36.6834 40.5205 36.1627 38.1798 38.2165 45.0537 40.4969 44.4415 47.7718 38.4642 38.2428 49.3243 42.5451 43.1051 46.3689 44.6547 45.2055 50.6693 49.0697 49.6051 40.852 44.1984 47.5691 47.0216 43.1834 53.764 44.9842 54.3964 45.5357 52.1732 53.873 54.6019 
35.4319 30.6099 26.0883 25.674 29.1478 35.0537 31.8181 36.4696 30.9723 30.3527 34.8603 39.2753 39.1151 40.4708 33.8821 36.9924 42.1518 41.663 39.5367 41.0283 38.2065 44.8035 45.5761 45.1501 42.6915 43.5896 41.3492 43.6428 47.3762 48.5968 43.5016 39.9949 43.9638 48.1265 46.4773 46.4871 50.8937 43.6249 50.1272 44.9824 51.9837 48.744 51.9964 53.6838 50.3512 55.4301 54.3016 53.5631 49.9712 48.6374 57.3912 51.5953 60.0089 61.0191 53.6074 58.5608 54.6142 60.3993 53.511 53.9953 
29.6489 33.096 35.7914 36.134 35.4777 31.3674 28.5086 26.3133 29.4857 28.9099 31.5858 33.4674 31.8387 31.5545 39.1221 34.5039 35.65 29.7436 32.0648 31.2191 39.18 35.8005 30.3469 39.7763 36.7882 40.3763 38.5427 38.6562 38.2074 40.3655 41.8373 42.4142 35.2894 43.908 34.6427 41.4042 45.9559 36.3065 46.134 34.9716 46.2074 41.103 36.7349 42.6702 40.2554 43.5537 38.9576 44.2462 43.5323 43.1027 43.5932 45.8035 48.1441 50.2292 40.7608 42.3952 46.3509 41.5778 41.707 50.3943 
32.709 28.745 35.3284 27.4425 36.0992 37.8613 33.6601 27.1943 39.3149 34.1156 32.8904 33.9001 38.2144 37.6729 39.5599 37.4166 40.8161 37.5745 41.2362 36.4806 40.2425 44.3288 42.7833 33.6838 43.343 35.6312 38.1692 43.3472 36.5395 42.2801 43.0206 37.4662 41.1937 37.7288 42.4114 49.7104 43.7782 46.7966 51.2915 49.7821 49.4091 52.754 45.7759 48.7781 44.0272 46.1036 46.9359 47.8623 53.6182 46.967 55.1426 50.229 49.6607 47.3067 56.4414 49.4964 57.6536 53.8531 51.7051 58.0728 
33.0997 34.4534 34.5409 28.9516 28.2286 26.7665 29.7734 37.5556 34.019 39.1789 34.4515 33.0815 33.6427 36.704 30.9086 33.3063 37.3242 32.6466 33.8072 41.0878 34.3329 35.5845 46.1385 39.4905 45.2126 44.5994 38.937 48.1308 38.4727 41.9919 46.8334 48.5984 47.5435 47.0321 44.4088 50.0604 47.6556 47.6186 44.425 42.7411 48.7739 53.886 46.801 50.2295 48.4831 54.5412 50.7807 52.3561 48.2603 47.7694 47.9476 49.7673 53.7859 59.8488 52.1168 53.9743 58.1713 58.5956 59.6823 57.4005 
31.2383 27.9815 27.3265 34.0107 28.4496 33.1527 29.8152 32.0028 32.7252 30.3241 30.6407 34.1364 32.0059 29.5904 35.6453 40.8474 37.2825 39.3034 34.1874 34.8056 37.7306 33.7034 43.5982 41.5801 42.8284 44.6675 46.0205 43.8664 46.3765 42.5259 40.6205 42.9496 42.1524 47.0347 43.0839 49.6873 46.4486 49.2271 50.8227 45.9976 52.6704 52.8663 46.4665 48.0867 53.7328 44.8517 46.031 47.6777 45.401 46.873 47.7445 46.7068 50.0508 57.6604 56.3863 58.0125 49.9253 50.1608 51.1472 58.8556 
27.468 29.3275 34.457 37.3704 26.9016 36.2244 35.8864 33.6723 39.5308 31.5348 29.0574 36.7721 33.431 30.2875 36.6458 34.0652 42.5886 32.246 36.972 43.4529 40.4034 41.914 43.8608 43.7245 35.7325 46.6414 47.4899 45.2218 48.9059 41.9418 42.2175 43.9613 40.2952 42.7345 48.5096 41.5804 50.515 49.2968 42.1087 42.7501 47.2514 51.0317 46.5141 55.9922 50.6571 48.8741 49.2232 57.6687 56.373 47.0701 57.9716 53.3908 51.3581 55.325 53.686 52.2059 50.7064 52.0522 60.1198 51.7195 
29.4393 34.0155 25.0317 33.528 24.9871 27.837 36.5466 36.6776 33.3098 26.5404 27.5141 36.8271 34.3582 28.5865 37.1974 34.8548 36.4987 30.0073 32.1477 32.5218 35.3956 34.9593 32.4768 34.2004 34.3909 38.1912 33.5906 36.4974 41.0361 30.9456 38.125 36.237 32.6198 39.6909 37.5136 33.1047 33.969 44.6429 41.3404 33.3518 35.645 40.1639 42.033 42.8966 40.2011 35.8719 37.1145 44.1907 36.8345 43.9474 44.713 41.4491 47.6899 44.0029 42.0026 48.2771 46.1509 43.1998 39.0435 42.138 
28.0805 35.0183 34.4413 33.2845 36.9856 35.0186 28.7189 35.1502 28.5626 32.7264 32.1369 39.2832 31.4445 29.8179 35.6533 30.7001 42.4316 41.9618 40.2365 37.0526 37.3044 43.8184 36.8555 33.7351 34.3978 44.5495 40.1718 36.8417 39.8436 37.0005 43.9442 45.9223 46.3246 39.0381 48.9408 45.9883 46.6158 42.4033 43.398 43.5712 41.2212 51.4633 50.7177 45.4616 49.5178 51.2913 52.2556 51.1949 55.5835 51.3519 56.3103 52.1437 54.5438 56.2597 48.9725 48.1149 58.4278 49.7246 49.8126 50.2502 
34.3446 30.8316 31.7282 33.2087 28.9381 37.8676 31.4129 34.4926 34.8031 37.4833 28.704 37.5792 36.73 40.365 42.2197 33.1297 37.5013 35.6559 33.8402 40.725 40.0958 39.8317 40.35 34.3198 44.2052 42.4706 36.8043 46.8042 46.9128 47.8417 41.8952 41.9192 43.392 44.2236 43.0351 50.2648 41.5461 51.7451 46.8709 49.3458 50.3445 44.561 49.5355 48.2993 43.7445 54.5763 51.8638 49.7764 52.4852 47.9833 58.2694 48.7905 48.7111 50.2804 52.1461 53.8708 52.4796 50.8666 54.961 61.707 
28.0361 28.2934 30.4948 28.3946 36.8872 37.7666 33.5699 30.6985 33.6189 37.548 32.7712 31.0345 29.2692 36.3417 38.9863 36.1579 35.7256 40.3936 34.0946 32.3979 39.3889 43.7628 37.7561 33.4727 39.7216 40.5221 36.2185 36.86 37.2476 44.2188 45.7702 45.5245 42.0663 45.7828 47.9846 41.0704 47.608 39.6161 45.3248 41.0513 40.7009 49.0481 46.4484 42.2738 52.8364 52.2561 49.2826 55.0288 46.9417 52.7052 47.8104 54.1507 53.6787 50.8037 46.405 51.839 50.7424 52.5322 47.4843 57.9786 
27.5606 31.8836 36.1555 35.1986 28.7735 33.618 33.3357 30.85 38.77 30.62 29.8724 31.2151 31.1634 40.0553 33.8983 31.5504 39.4361 42.096 37.5231 35.0382 37.2912 39.5394 38.0233 38.8558 36.093 43.7514 39.4066 43.0201 41.79 48.9718 40.7436 50.7942 49.1814 51.0195 47.7454 47.4958 52.8485 52.1046 53.8093 46.8279 48.046 47.6176 51.0787 47.1712 49.0151 56.9343 53.8417 47.1264 49.8759 49.7104 50.41 59.0133 51.82 58.3331 58.3401 53.0123 57.708 51.2417 54.7396 59.4515 
33.2679 35.6759 31.9187 36.8708 25.7097 30.7051 30.0347 31.0635 34.369 28.0166 37.3368 32.7019 39.3954 30.1284 30.8608 30.5653 32.0109 40.279 40.0966 41.1749 38.7573 33.3006 43.3501 42.1663 46.124 44.8672 38.4234 44.5344 38.004 42.5775 45.8165 42.4144 39.5671 42.5135 49.3465 42.3166 43.085 50.4989 41.5118 42.8479 46.2103 51.0431 46.135 46.5097 54.1818 44.3463 44.9469 46.7979 47.8336 53.5286 53.6708 48.1337 57.6695 54.3242 57.6834 49.8125 57.0884 50.2307 52.7945 51.5064 
27.0362 31.8087 33.7103 31.5795 31.8397 28.5 29.6826 34.84 27.4564 35.8762 37.0827 39.2002 29.8161 29.3745 29.8381 31.0861 36.1436 33.4946 36.3367 34.8118 36.1365 41.6405 38.465 43.9474 32.8479 39.2058 42.2322 39.5784 43.5699 38.5293 40.5917 43.1789 44.991 40.3601 40.3059 37.5226 37.49 47.0467 41.9242 40.2884 48.4371 42.1013 48.4543 43.4423 44.8052 49.3108 51.9711 42.8951 44.2521 41.6542 49.6671 52.0086 46.0154 53.8575 50.6243 46.6934 46.7181 52.2497 52.6182 48.5283 
26.2911 24.6488 31.1276 32.9299 34.4722 29.5774 35.3982 29.3368 38.764 36.5588 29.6411 33.2196 34.6822 31.39 37.1512 38.6461 34.6698 34.9155 31.4544 34.9168 34.3557 31.2761 32.7284 37.6711 41.0701 34.2816 42.5605 39.453 43.1579 42.5923 35.5034 42.5547 45.3092 37.5123 39.4013 42.1568 36.4175 38.8077 41.6367 38.3518 39.2452 47.4581 42.0507 41.3258 48.2452 47.1835 49.8631 52.0311 40.9193 50.0902 44.5092 42.785 49.555 45.4105 46.6866 52.493 45.5301 53.2799 54.7975 47.9018 
25.2996 32.4257 29.9739 29.5859 28.4874 32.0918 29.0345 38.3077 37.6201 33.6896 31.0616 36.2899 35.2317 35.992 38.1661 39.9547 42.1681 36.8671 37.973 40.4651 36.3194 37.9261 45.3243 36.5428 42.1875 42.0522 45.0213 39.2907 39.6985 39.6693 40.5306 47.9016 44.6063 45.8029 46.597 49.2647 44.9915 51.4235 50.1946 52.3805 49.9335 47.3933 54.5131 54.1729 55.202 56.7052 49.9225 55.8992 49.6717 56.5697 50.6723 50.8216 59.8385 50.9372 53.3071 54.2011 55.3187 54.6774 55.5511 60.1798 
27.5819 33.866 26.721 32.5494 35.3615 29.4984 37.4284 32.3332 30.3468 27.781 33.4515 29.0639 40.8149 40.7373 31.0856 39.3608 30.9691 31.2973 39.4576 35.2628 32.2871 44.1897 42.3635 42.33 43.2557 44.9701 37.4803 41.5692 36.3006 39.116 41.5657 45.5815 43.7046 38.3864 48.4897 39.4586 47.6387 49.2959 41.2541 48.5147 43.1884 47.9795 44.8301 47.4542 47.6326 44.1094 44.2159 45.2613 51.8392 53.7388 55.371 48.3743 48.0136 47.6338 53.098 55.9406 57.4766 55.9665 55.5617 54.4343 
25.9048 32.5737 32.12 28.5292 26.0055 26.1566 34.0539 27.642 37.1081 32.7321 38.3824 31.2005 37.9664 31.0614 32.8455 33.17 36.7454 32.4716 38.4409 40.271 38.7913 34.6562 38.9426 32.2304 41.0263 39.992 41.7743 33.366 41.3157 40.9748 32.9557 44.683 45.1334 37.83 40.0901 36.9142 45.8312 39.036 42.0486 42.4791 45.0785 37.6194 47.6069 41.3996 41.6385 46.32 45.6012 40.1456 43.0164 40.0902 40.5583 50.4796 40.1837 45.4554 44.8229 42.3763 48.0405 44.7052 48.6185 47.3797 
24.9629 25.8042 35.4317 30.5089 30.8281 31.3033 28.9987 26.2957 37.861 30.8825 32.9114 33.2148 29.7634 31.9595 35.0306 39.2985 37.1798 36.5934 29.9821 40.2048 32.248 40.454 35.7918 32.9316 33.1925 39.4272 39.4743 42.1764 38.7841 41.2251 35.9001 35.3182 32.2017 37.2572 41.4936 33.2426 35.1166 40.4223 42.524 44.3638 42.4143 35.7788 36.2996 44.8221 46.9924 46.0238 40.8002 41.3438 45.2243 38.4021 38.5252 42.6518 39.9947 43.4411 42.9535 48.1042 40.1929 43.6691 48.8327 47.918 
35.5395 27.5611 32.5073 28.732 35.724 36.8882 35.2689 33.6335 36.0194 29.6744 29.8632 38.2411 32.2402 34.8854 30.5725 39.1028 42.9036 38.6686 44.1091 42.4101 36.6335 35.1813 44.9748 43.1583 38.2964 46.6101 43.2542 39.8671 44.2316 42.0629 46.6713 41.6137 44.7675 39.9843 49.6518 42.1904 49.1119 47.0229 43.7471 50.4967 49.8179 45.8069 49.7979 55.7195 50.5418 45.5382 45.8685 52.5094 46.161 46.8765 56.0487 52.8345 54.9043 55.3554 57.5636 53.2945 55.4608 54.9601 55.5257 53.0383 
35.9394 26.7841 26.7745 35.1025 36.9021 34.5345 32.8467 37.0652 34.1574 37.8901 38.8642 29.6483 31.4035 31.3325 38.6378 33.4683 38.8535 38.7759 43.4413 36.4038 33.7956 34.848 42.9101 34.183 44.8892 36.4434 44.7439 39.1301 43.2065 40.0347 47.6874 48.414 38.9848 39.7573 48.9388 41.3721 43.0314 42.418 48.7664 45.386 51.0928 49.7167 45.1782 51.0892 47.043 44.1584 53.6259 45.0123 50.8502 57.2459 48.3275 48.7387 50.7425 55.6025 52.7083 59.6582 50.0927 60.5389 58.9638 59.1454 
29.6857 25.7525 28.7642 35.7117 26.979 34.0573 35.4286 36.5014 32.1856 33.9575 38.2269 37.2348 32.2903 29.2495 29.2298 33.2686 36.2711 37.9417 42.1983 39.001 32.9255 39.7805 40.7637 39.7826 34.3626 39.8093 36.1034 37.4817 43.0897 36.2459 46.4239 41.1753 39.3342 35.9559 46.0344 40.9368 43.1277 38.1726 45.772 44.8258 46.9587 45.5035 43.4366 48.5899 41.9944 46.9461 46.1673 42.2389 41.9692 43.9809 47.8115 43.3448 50.9783 52.4374 54.9188 44.6265 47.7439 54.9316 56.4484 46.1682 
31.3418 33.0911 26.029 29.4065 28.7909 32.1861 29.9918 29.4901 32.3117 38.2447 37.1723 33.7049 36.6105 31.4095 39.8866 32.2281 31.3955 35.4862 42.0714 33.869 42.7024 37.5916 37.1149 43.8249 44.698 43.6686 35.3524 36.856 41.6624 44.6191 46.8326 40.5648 48.2785 46.859 39.2931 40.3689 39.2976 38.3129 41.6813 49.479 41.934 43.6437 52.1649 43.4355 44.966 43.4793 53.3302 42.3546 54.3248 43.7913 46.2123 52.4699 53.3845 46.1186 44.8589 53.8531 53.3348 48.3702 51.368 58.7586 
31.9602 25.7506 30.7712 26.7175 25.6023 36.0902 35.6161 29.976 29.4513 33.2844 35.3669 38.0881 36.8697 28.9326 38.2175 35.8776 35.0811 37.7266 40.9207 36.9452 37.8868 40.9712 37.4514 35.1178 34.268 33.9839 40.7591 36.9617 42.7715 44.9389 33.7534 41.858 34.4006 42.8055 36.4193 46.7352 46.2718 43.1024 36.7308 38.2269 44.202 40.3242 44.4635 49.3417 49.0072 39.6666 39.6413 50.8915 48.5847 45.5287 50.6493 43.5572 42.0975 50.7904 49.5213 48.6349 51.1868 52.8154 43.8219 50.4877 
24.3217 33.0434 26.387 32.605 30.6259 25.6265 29.8207 37.5495 27.2731 27.9082 32.2644 38.2297 31.721 29.6619 40.2461 33.3738 34.959 30.2166 36.6064 41.729 36.8269 36.2858 36.65 37.3854 36.9861 36.4116 33.9599 35.6302 43.5881 42.6446 33.2811 37.9087 35.3365 43.4145 36.9935 43.8325 35.2567 42.4375 38.1842 43.3817 39.3385 39.6461 43.2657 40.8055 42.5956 44.7639 44.7883 47.4322 50.1073 39.6678 39.5953 46.7721 50.8566 40.3297 49.0613 49.6054 46.4916 42.1157 44.0376 49.9189 
28.7841 25.6765 29.2405 26.6022 37.3494 35.2877 26.765 36.7532 39.4429 35.1656 31.5123 34.3838 41.4929 34.0433 35.5032 42.9234 40.9299 35.0314 37.1912 37.6394 37.6189 38.915 39.0903 38.4908 39.5857 40.5193 42.1382 44.3181 39.3392 41.0778 40.172 38.8795 39.3839 45.3962 47.9929 40.5275 43.0692 42.6827 46.066 53.0173 53.2598 48.1299 43.7914 45.6655 55.1494 47.6925 48.1281 48.9755 49.7611 55.5097 55.2771 48.7326 54.2903 54.2188 56.7697 53.4752 51.6139 51.6706 57.33 54.4412 
32.366 31.6288 32.1317 32.9739 36.4377 33.8299 29.978 34.2071 30.8773 31.3116 31.9019 37.28 38.1222 30.5393 31.8152 38.5818 32.3473 32.4474 33.9234 34.5508 39.1919 41.6081 38.7608 34.9897 37.1506 44.6784 37.1451 40.5861 38.5475 39.7364 44.0172 45.1852 36.0974 47.6768 41.6792 45.129 48.5803 42.8849 44.8898 44.0211 47.8962 47.2207 49.039 47.2607 49.1569 47.7646 49.79 46.7338 49.8227 42.528 51.8427 50.1816 51.4025 43.0433 50.6438 47.3214 54.2903 49.239 49.0919 51.4834 
32.4475 35.3535 27.1338 33.0984 36.3429 29.6131 31.7464 32.1358 30.0858 38.2735 31.172 35.3471 38.3254 40.0857 33.3459 35.9474 36.3706 33.6872 34.0182 41.6147 34.4467 39.0309 44.0532 42.2308 37.6025 38.6732 44.4589 37.9971 41.0815 41.2954 44.0038 48.5821 46.4939 46.7284 47.2683 42.0147 42.0039 46.7228 47.818 52.9277 52.2037 45.2987 46.8771 43.8099 44.4604 52.4182 55.7634 55.6387 50.0913 46.8493 46.3585 57.145 58.5384 54.4914 48.5379 51.1196 54.9242 49.2409 58.0073 51.5771 
24.8314 35.3207 30.5598 35.0209 31.3689 34.8789 28.222 30.446 33.8693 37.1538 34.2594 34.2694 34.3202 38.1863 36.4906 40.9002 37.5142 41.4894 36.8867 36.9827 39.6697 39.5416 36.3939 42.409 39.2605 36.9512 39.1502 45.0313 41.8527 43.4649 38.8585 49.0556 48.7964 43.2169 40.349 41.9502 49.7004 48.8911 42.9907 51.7229 44.6368 42.6267 51.0188 51.2693 43.8083 44.7036 49.4735 50.1026 46.5557 51.6759 46.9124 57.9724 55.7373 48.8883 51.3991 56.1264 57.1598 55.6344 56.853 57.8019 
31.5669 35.213 29.1733 25.3707 31.1327 31.5935 37.8736 33.0938 29.6342 35.4663 28.1204 33.3485 30.3369 33.5632 32.0843 30.7322 34.9871 40.2038 38.3768 30.8851 34.0266 31.8949 39.3369 32.4948 38.097 34.8148 40.8335 35.494 36.9015 45.1702 43.9814 37.2477 42.2271 46.0318 38.2581 42.6797 41.0243 41.3018 39.4822 48.0986 39.4149 45.5221 43.6837 48.7366 47.5949 46.4417 50.6511 41.8011 42.1036 47.5171 52.2549 50.9825 44.2142 50.8325 43.0698 47.9534 50.1009 51.5143 44.6568 49.4978 
28.3009 24.3384 28.9174 28.7941 26.2872 25.8074 29.941 26.2462 34.0405 37.2671 30.8945 32.3459 33.0309 28.3692 37.7044 37.9917 30.5435 31.2921 38.4016 35.9718 39.1954 41.259 38.3452 31.106 35.9777 38.6302 43.5809 37.534 44.0964 39.6928 42.338 33.4382 41.6744 41.1512 40.703 42.0472 45.1459 42.1958 46.0451 44.4776 47.3329 45.2579 42.195 37.6585 37.7141 38.8288 42.4828 39.161 49.5987 43.9513 48.0416 39.3147 40.5564 47.2616 45.6188 51.399 44.1778 46.5862 52.7879 43.6861 
25.8559 25.9505 30.6158 35.7303 26.2724 36.4934 34.3395 29.7476 30.3834 34.9669 36.9926 30.8944 36.3232 33.8854 34.4324 41.6407 36.4763 38.6604 32.6411 43.5741 33.3227 37.6762 36.8821 43.4735 41.1055 34.8839 45.6726 44.7585 46.6322 36.5412 37.9177 39.4613 40.8852 42.1134 43.83 49.6678 46.6172 47.2302 47.3134 48.8387 49.0419 48.5456 51.1028 44.6638 43.5935 46.3658 52.3344 45.5532 47.7031 46.9251 55.2726 48.0253 49.8928 48.1392 49.3732 55.8923 56.0081 58.8477 55.3376 51.8991 
34.6615 34.9492 28.4088 31.4279 36.404 34.2489 38.0238 31.8767 39.1526 33.4014 38.3348 32.6886 29.0735 40.4484 39.4207 39.4033 32.6319 33.2505 38.2078 35.0671 40.8345 43.8701 37.5776 44.7419 39.8195 44.2385 35.8884 36.0862 39.8709 41.1134 38.4197 42.9488 37.0525 48.2823 39.9848 38.5466 40.2026 43.1853 42.2513 41.4315 49.3478 45.2083 42.9791 53.0173 46.0803 49.7901 48.6905 45.1426 50.4242 51.8609 47.9711 53.6992 52.0322 49.1879 57.0922 55.3113 50.7422 54.5795 54.8136 56.1233 
31.095 25.7183 32.7918 35.6996 34.3013 28.4737 26.5191 33.0348 26.4679 32.9994 34.1489 35.1787 33.4969 36.3077 39.0352 30.5257 28.1664 35.4412 33.1814 39.5194 37.9871 36.3101 40.3647 40.7772 31.4136 41.5934 33.6149 33.6411 32.5186 39.1265 31.7088 32.9728 41.8446 42.3056 39.636 38.6865 45.0843 35.4684 45.4922 40.5561 36.2601 44.2388 39.5804 40.6249 36.2279 39.4041 39.5566 45.4634 45.2105 38.7039 39.2585 46.7003 42.5461 42.9057 45.5542 38.3326 44.5585 50.2142 48.654 41.1103 
34.4492 26.4997 34.6377 25.653 32.8281 30.8026 29.2867 27.8234 31.9161 30.9889 32.1035 36.4646 31.8524 37.4099 33.8718 31.7577 35.9547 34.0551 34.6152 31.3121 40.638 34.3641 40.1079 41.9697 43.1254 35.5346 38.0108 36.6408 34.2333 41.6674 44.2537 45.2864 45.8013 43.3145 39.5465 46.0647 39.5513 39.5448 43.0698 46.5856 43.8715 38.2204 46.9668 41.2845 48.5526 48.401 46.649 42.3342 51.9334 48.7063 46.9668 50.606 47.2478 53.846 50.6377 43.759 53.8381 46.5532 53.3696 52.5364 
32.9282 31.5034 32.8783 28.5386 28.2378 34.1956 29.07 38.1844 37.3773 28.6012 35.1193 38.0678 31.7928 32.6312 38.0998 34.7982 34.0113 38.1462 34.5159 32.3592 33.5472 42.1328 34.5395 38.9473 40.0813 39.0803 38.2585 37.4565 41.1526 47.1276 42.9667 43.3178 46.7392 42.0113 38.2627 42.5012 48.1238 39.8544 47.9821 41.6964 49.3588 46.3903 43.367 47.5357 46.8619 53.499 51.2274 50.4512 43.2548 53.3438 52.8694 46.6271 55.2094 46.424 45.6738 53.3007 57.0122 49.9293 55.6344 54.6154 
34.1305 34.9165 35.4584 30.5936 33.2242 36.7435 36.0272 27.5538 34.8605 31.425 28.3791 30.2044 39.0836 34.9599 30.4466 33.6361 40.2965 34.8586 41.1845 42.2147 39.7685 38.3655 35.786 37.2951 41.7111 37.601 41.6813 39.5348 42.3265 43.9161 42.9883 36.0432 39.2812 36.9139 44.7117 41.9882 46.937 40.5902 44.3657 42.8357 48.5252 51.7184 49.7782 50.7383 51.0962 44.9697 47.1871 45.3171 54.0993 44.6131 46.355 44.388 49.2884 54.0977 46.6462 50.8052 55.3442 49.9628 50.787 48.7811 
29.709377358490574 29.915089622641524 30.21725188679245 31.99713018867926 31.131757547169826 32.117910377358484 31.50390188679244 32.09909716981132 32.732673584905676 32.90579811320757 32.93990849056603 33.701701886792456 33.88309811320754 33.9521141509434 34.687696226415106 34.62001886792454 34.76495660377358 35.55252169811319 35.60604622641508 36.202531132075464 37.09571132075471 38.45372641509434 38.52102264150944 38.95803301886792 39.38823396226415 40.64999811320753 41.317878301886786 40.55782924528304 41.43585566037736 42.06064245283019 41.230647169811334 42.3263433962264 42.12445471698113 42.362491509433944 42.79661603773585 43.28095377358489 43.73676886792454 43.81561037735852 44.20425471698113 44.1256320754717 44.50362547169811 45.023556603773606 45.80221226415095 45.46023301886793 45.97468301886791 46.841879245283025 46.218752830188684 46.56651792452832 46.8689849056604 47.754172641509406 47.577786792452834 47.89428113207548 48.416783962264134 49.04570377358491 49.031476415094346 49.66180094339622 49.901416037735835 49.53265660377359 50.39670094339622 50.22582358490565 
32.8897 26.351 31.588 32.8865 31.6725 33.9989 34.2384 37.535 34.2443 39.9793 35.7313 31.422 41.485 36.958 42.0701 38.5162 42.0614 39.6686 36.768 43.1852 43.5095 41.3018 34.9721 45.9153 44.9628 36.6608 45.5809 46.1046 48.1644 38.7611 40.9986 50.0712 40.9565 45.6297 40.192 52.0132 49.894 52.4411 43.7098 49.9614 51.7704 53.7075 46.6566 44.4595 45.2656 46.4371 48.7771 45.9158 48.4452 51.1755 59.0165 50.3913 58.5854 53.5406 49.8108 57.9029 52.9125 51.632 51.003 56.9091 
35.7022 33.598 32.6245 25.9157 36.6984 26.4159 32.696 34.5439 29.3874 36.5092 37.3475 36.5705 32.8711 28.0811 35.2903 30.8271 29.4173 39.835 32.1149 38.5497 39.8368 38.5563 33.7897 40.078 38.1321 38.2958 39.58 39.7118 35.1943 37.2892 40.2604 42.503 41.6319 40.7333 35.5221 45.6441 34.9448 34.4178 42.3861 44.8266 38.217 44.9621 36.3221 37.8975 38.4535 43.365 37.5468 38.2217 44.2621 44.2088 43.5438 43.9774 47.1065 48.9249 44.3354 47.9936 41.4307 41.0734 50.187 46.3896 
26.1416 26.6056 29.7337 29.1871 28.524 32.1387 27.4205 33.4699 28.0304 36.1894 37.6978 30.073 37.383 35.6158 31.1017 37.5476 35.9743 41.2459 37.8808 35.6604 35.4171 39.1658 43.0266 41.1455 40.2959 37.7648 45.1828 40.78 39.8738 45.9937 45.1658 39.3584 40.1499 38.8574 48.7053 40.9454 43.3898 44.3939 41.6612 40.4922 44.6977 47.1674 46.3953 48.7574 49.0084 47.0924 49.0936 47.1188 45.7066 52.8474 51.1066 51.648 52.5541 47.863 46.1427 50.6722 57.8287 57.1102 56.0517 55.3586 
27.7978 27.0803 27.6254 34.1524 37.2533 32.011 32.855 31.9664 35.4147 38.7029 33.2754 29.6206 33.0645 39.7505 30.428 30.373 38.907 31.8193 32.1602 35.1987 42.6438 37.844 35.6661 41.0283 45.8261 46.0554 43.4515 36.473 40.0883 46.7024 38.8987 46.5495 42.9372 40.5038 46.6515 43.2798 42.5642 43.2656 48.0605 50.4424 46.0909 44.9339 45.3765 42.7484 46.6153 43.7765 44.9293 51.9557 55.3343 53.8005 48.4153 56.1285 50.2097 49.6781 51.1673 52.5183 59.6576 60.131 52.2899 58.742 
33.168 27.9691 33.0336 34.0712 26.7101 34.8409 34.4721 27.3897 36.3332 35.0426 30.8532 40.7698 37.6618 41.7044 36.4214 33.0097 35.3877 42.5218 40.6698 39.5165 37.9862 34.9865 36.5118 35.136 37.5393 46.3161 46.2263 44.3467 41.6548 45.2067 38.7461 47.9425 42.054 43.5984 47.0254 47.586 51.0535 42.8787 42.1338 41.9191 42.371 50.5264 53.3002 46.9743 47.8188 50.2397 54.4644 46.9538 53.7865 55.2879 46.3889 56.2394 57.371 55.9383 59.4509 58.3704 58.415 50.8586 60.9459 50.9952 
30.4792 30.4352 31.5963 32.7109 35.9722 36.7643 27.1498 35.6619 36.1482 32.7936 31.9509 40.0995 39.3115 37.0013 34.874 36.7267 38.9297 33.88 37.3455 42.2336 36.3361 39.6928 44.0977 44.3103 44.7525 43.7823 42.1937 42.0083 35.8919 37.8995 40.9005 47.9548 37.0961 39.1584 46.4378 45.2822 39.4416 42.3236 44.177 42.5366 45.1002 47.7023 42.8136 50.9578 46.7506 52.2104 48.529 43.1706 50.7309 53.6195 47.7301 54.6026 45.0299 51.8239 46.8738 53.4797 47.8668 49.0004 55.4418 53.5716 
32.3432 36.3071 35.1247 36.4052 26.1914 35.4425 29.1227 31.9731 27.6488 32.0922 36.1119 37.0215 33.1691 35.2322 40.1699 36.2194 31.36 40.6177 30.9077 39.8448 36.0001 35.5235 38.8957 33.1638 34.845 39.5062 38.9345 33.4707 36.6057 43.1974 38.9248 35.5659 43.492 38.0216 40.344 41.5797 47.4729 46.9747 43.6826 40.1522 46.1108 48.5374 49.5793 46.6475 43.7568 40.7776 48.5116 45.3375 46.0003 41.4594 46.0434 53.5436 49.2516 42.5785 44.2902 52.3988 45.3927 52.0673 50.6687 52.3506 
27.3531 25.5213 29.12 34.5937 33.4589 26.9223 28.3451 29.7111 34.7305 34.1569 34.9419 39.7711 38.3076 31.8313 34.9118 40.6418 32.1971 38.3494 43.8125 44.0819 40.4706 38.095 40.9772 43.8943 39.6341 41.2979 38.096 40.3157 37.3713 41.8329 44.8793 48.2631 43.2993 46.2976 49.5063 49.1955 52.4339 52.916 53.3404 44.9075 47.7658 45.3171 48.9767 52.6804 46.3855 48.1954 53.3144 55.7163 51.1509 57.2121 48.6114 49.0993 52.6767 58.6024 51.5154 50.8168 51.9316 59.1478 54.7289 61.659 
24.9243 32.8745 31.5197 34.5193 34.9922 35.4305 34.9666 27.5581 35.7397 31.2382 27.7902 32.6381 36.1614 39.8309 34.4529 34.0267 36.8333 36.8996 33.1744 38.2467 32.2014 39.1843 39.6869 34.8872 33.3844 31.5489 38.7227 41.2024 44.1856 34.4332 35.8557 38.3383 37.3177 38.3065 39.0474 46.2477 44.0215 43.1543 37.9602 36.8397 43.0985 37.9139 43.0857 40.7167 39.295 37.5623 48.1818 38.7467 41.1265 48.8762 50.2708 41.963 51.3178 46.4597 50.8545 47.2971 44.6721 46.6612 52.2696 44.0103 
29.9787 26.9214 29.0286 28.0369 28.7972 30.2258 25.9078 32.0277 33.1842 36.5745 28.4837 28.9623 33.5259 31.8056 33.7718 37.8599 32.8174 37.3519 36.6338 35.0328 32.9145 32.6569 41.4258 40.9798 34.0663 42.3135 36.7227 41.2863 39.0765 40.8565 35.7784 35.2097 35.3946 44.0842 38.7009 42.3622 42.7579 39.8416 43.064 48.3103 43.2505 42.9168 43.1707 44.3941 49.8599 47.3046 48.4196 46.327 46.1714 40.1598 48.9578 42.3068 41.2483 43.2303 43.3112 44.0028 44.5329 45.2583 44.1296 46.7487 
24.4487 25.0134 28.8794 32.3888 28.8399 33.3639 33.0715 36.7042 37.407 28.3802 31.9234 35.5111 34.2106 37.1365 36.5352 37.4172 30.1436 31.1202 41.7328 35.2725 36.4637 37.2219 31.5265 33.4077 32.7088 36.9497 42.3157 34.0062 45.1905 39.2968 42.0494 46.1541 37.1159 44.8689 39.3513 42.7373 39.3974 46.0369 48.4656 37.0373 42.7011 45.4482 47.2629 47.7618 43.6973 45.1319 47.5206 40.125 42.8207 48.7008 41.6964 44.9131 49.5792 52.9498 53.7033 49.7856 49.1521 47.2806 45.8678 45.25 
25.9184 33.6631 27.4047 36.2824 26.6228 32.8814 35.8457 30.87 33.2648 31.9928 30.9717 35.9902 30.7413 32.2926 38.6581 35.1516 35.5343 41.1937 40.5702 41.5534 31.1792 32.6776 34.1609 33.9128 41.9528 34.5784 37.0363 35.1162 42.8199 33.2403 37.5747 39.26 35.4234 41.8602 44.0871 40.1466 36.2934 47.1174 41.8765 47.303 42.3306 48.0469 46.5807 41.764 44.631 46.1473 39.0932 46.4729 47.4142 44.2526 42.6435 46.953 42.7895 45.5254 43.0982 45.3975 42.5138 49.9307 49.1692 43.9974 
32.4012 34.5121 28.8378 33.4046 26.9644 29.2071 34.1624 29.3236 33.5701 26.9176 29.2003 36.1302 30.2 38.0071 35.6305 29.0294 36.6992 40.2198 38.462 39.5571 40.8879 33.3897 33.9913 37.2776 36.0959 36.6402 33.6926 39.9478 35.1252 35.9684 36.4535 41.8884 39.9547 40.5298 35.7068 42.2173 36.7615 38.919 37.7777 39.4512 43.7018 37.8267 37.6645 45.498 40.3585 46.5711 36.8678 45.7098 46.9679 45.4818 37.4566 42.2507 37.9349 42.3033 48.8509 47.291 41.9752 50.0243 41.5126 42.9404 
26.2907 24.5427 35.2732 29.6004 27.9254 36.0729 26.0404 35.11 37.747 37.2857 35.4918 38.297 35.1139 33.7298 29.5949 30.969 32.5292 30.1346 29.8892 39.8643 30.6768 40.4595 36.7131 39.6031 40.415 41.466 37.6244 31.208 41.2433 32.6386 33.7061 42.9042 40.5715 34.364 34.4977 32.5183 43.1379 42.7975 38.4723 37.7992 34.742 38.0543 46.0637 36.5564 42.3345 40.0886 37.9355 43.4449 37.7019 44.1675 37.6905 37.6515 47.6163 46.9035 47.3185 43.7406 45.1569 42.8827 46.7807 44.1602 
31.8141 36.1164 31.3216 37.07 28.4594 37.8327 36.5029 33.6382 28.5041 37.288 35.5606 30.512 35.5745 34.3248 38.9172 32.7633 39.7515 36.8038 34.534 35.8574 38.216 36.2665 32.3522 38.2233 41.1622 39.8328 36.2829 42.5656 39.2841 36.8828 43.384 35.7653 47.5262 37.7732 43.5334 39.4991 44.9776 39.0599 47.045 40.9271 45.933 40.4512 41.3325 52.0083 49.7983 52.1947 48.4682 46.6269 44.7012 49.6553 52.3742 48.1589 53.1435 54.4522 51.7263 56.4902 45.5992 46.2136 55.4451 51.0244 
30.098 25.3814 24.496 36.5562 27.488 32.3672 36.3834 37.4931 36.3818 36.7034 30.205 34.1713 29.2314 30.1079 32.833 30.143 37.6901 37.3713 37.824 39.5028 29.1619 36.9663 40.5268 37.2178 33.251 34.4477 35.9889 33.1025 41.6733 33.3105 35.6813 41.184 41.4957 39.0569 32.7388 35.0849 42.1943 33.6754 43.9274 34.1964 35.2389 44.2449 37.701 38.2374 35.4861 38.3034 45.033 39.2066 46.8282 46.4613 45.7793 44.9218 41.2113 40.3333 47.5935 42.3216 46.1667 38.4624 46.4159 39.2915 
26.7879 31.3263 27.5762 35.6242 32.7437 33.4589 26.4667 34.1312 32.9304 32.1878 39.4117 33.4704 38.8846 34.3226 36.0448 40.2329 37.6777 40.0624 41.2775 41.5488 32.7443 42.3536 36.4384 38.4426 35.5618 41.3182 43.8472 46.3142 35.6398 39.5253 40.2218 43.3542 42.4504 38.0364 48.2579 46.2792 46.2505 47.1436 39.7407 41.5004 39.5647 47.4922 47.6647 47.3625 42.5456 47.8669 48.5242 47.619 45.3487 42.9794 48.3437 47.7028 51.3992 53.6267 53.9502 54.122 50.4622 52.5641 50.1863 48.0509 
31.228 26.2065 30.9115 33.2714 31.564 35.6257 28.5426 27.6846 31.7055 28.3834 32.0022 39.6861 33.6738 34.2638 30.9116 37.9742 35.9135 37.4674 43.8132 35.4338 40.9041 45.5331 45.277 38.5857 39.8546 46.5066 47.7635 38.1385 42.5486 47.2624 48.329 44.0324 45.9146 42.9399 49.621 42.0098 45.4942 50.237 45.7366 43.5573 43.5421 54.5188 50.0327 46.0956 49.6369 51.6186 55.4625 51.1941 51.6004 46.3226 52.6551 53.9512 48.8702 56.0503 56.4809 55.0496 53.9247 53.9208 61.7568 56.7657 
28.4727 31.5602 30.4749 28.7568 31.2795 29.1168 31.8707 38.4835 28.1968 29.324 39.1605 34.49 38.2186 38.6595 41.0727 32.1245 40.6192 37.3332 36.0434 32.3717 37.5497 33.6537 33.0634 32.8477 40.611 33.627 42.1151 33.9285 35.9172 38.9621 39.5318 35.8804 36.3304 36.2708 44.027 40.8989 46.764 42.503 48.0721 43.8915 39.1861 49.0656 48.6601 49.9823 39.9923 50.0109 42.4674 42.4051 41.3213 44.8619 48.9555 47.0568 43.5372 45.0368 50.492 48.9223 48.7547 46.6409 45.3936 51.0343 
24.7267 32.7481 33.0513 27.5392 31.2707 28.4246 28.3125 27.8699 37.919 33.0452 32.5195 28.274 30.1753 31.9852 29.2459 36.3192 32.2506 34.474 40.0221 38.3023 34.8734 32.9619 31.1455 33.6443 37.9994 38.9386 36.3561 35.3748 38.8335 42.1585 40.0035 43.0935 42.248 35.0372 37.7251 36.9207 44.3392 45.4385 35.8543 34.9254 42.14 42.8556 45.5868 45.9469 44.2983 46.2639 37.6888 44.5304 39.4736 45.9538 46.1358 40.5546 41.6554 43.5571 49.5408 45.3775 48.8332 39.1683 47.3902 43.178 
25.4755 28.618 30.6357 31.7309 32.6194 30.4798 37.9551 34.1946 37.9452 29.9011 36.0459 30.1416 31.9371 39.0302 31.6419 32.2799 40.19 36.601 36.3015 36.3028 38.662 43.1816 40.7122 39.3214 38.2596 37.3858 44.9489 34.8175 35.2972 45.834 36.7713 43.1592 47.8099 47.7542 44.6834 38.1621 42.5564 39.0434 49.5285 45.3365 44.8931 41.0779 49.8182 43.6792 43.8274 50.1309 52.5302 42.9092 44.5927 49.6146 43.9101 52.2392 49.5204 44.9036 48.9432 47.8582 54.8202 50.4295 57.2677 52.3038 
26.3572 33.8344 25.0056 26.7152 34.3217 36.284 30.3474 28.5219 30.4632 28.5734 28.953 34.712 34.2319 27.7779 38.1341 34.4141 33.2642 31.4379 33.5027 33.6535 36.4255 34.4207 32.2456 41.6738 32.1113 41.205 33.7198 40.0825 34.19 31.8379 38.8472 40.4779 42.9841 38.3757 38.8901 41.4183 43.5047 37.3786 38.6531 38.5311 36.7977 43.8809 40.7921 43.0078 46.1206 40.2207 44.2468 45.6961 45.6802 40.915 43.6375 38.4651 42.4387 47.2932 46.5458 42.0784 42.1246 48.6845 47.387 47.7001 
24.6489 31.2839 34.2765 32.7512 31.8226 29.2669 26.8974 26.6107 34.4524 28.1966 29.5422 39.4187 39.6156 40.3127 31.421 31.7766 37.8726 37.6285 38.7321 31.8649 39.0034 38.7545 38.3063 41.4516 36.6026 36.1195 42.9675 33.6817 34.2749 39.2226 41.4984 44.5167 43.5551 46.2737 43.1069 40.8373 41.9005 39.3583 39.2858 48.4083 41.5426 44.1169 48.889 42.2135 40.9427 48.2482 45.2533 46.2637 45.7478 48.4492 51.5267 53.6864 51.3172 44.1709 46.588 45.734 53.3818 55.2757 51.9602 45.411 
32.5478 32.5061 29.5296 27.3467 36.3129 26.8264 29.4301 36.1846 32.9603 29.9999 37.6376 31.695 35.1879 34.2799 40.499 39.1654 32.1929 39.3425 34.9055 38.059 36.8012 38.7487 34.3022 35.7306 34.2872 36.6112 44.2668 39.9184 42.3345 43.6927 39.6138 38.6879 40.349 44.2939 41.1709 42.3476 37.7411 39.5935 47.4305 43.3212 39.3822 38.4589 39.5526 44.7633 45.4976 41.2314 43.5444 49.997 48.7578 43.9353 46.9441 43.2299 45.4969 48.245 54.6543 46.1633 47.8938 44.4914 45.1562 52.3146 
28.2043 30.5533 35.0831 36.9632 36.1705 35.9897 29.6103 38.3947 37.4854 38.1906 33.0931 33.639 36.3086 36.2005 31.8807 34.9836 39.6592 39.7531 42.7715 40.5471 33.9892 44.8007 37.516 45.6821 42.7145 42.9093 42.477 46.3234 39.4728 42.3377 46.8228 39.1562 39.3591 48.5248 44.5124 41.5565 46.6343 41.9701 48.0125 51.9475 48.8065 45.6336 50.0482 45.7204 48.4274 55.1062 48.0823 47.6958 45.7531 56.0442 47.6652 51.3803 47.8372 58.5492 51.0508 54.6252 53.3052 60.1222 55.5164 54.1351 
33.3222 29.5011 25.4313 36.3573 29.6994 35.817 32.9363 36.3042 37.8753 33.5941 33.9937 30.3275 34.7108 34.2747 29.8171 34.5089 39.136 38.2577 34.1652 40.928 41.0262 39.1869 37.9073 35.2212 34.2669 40.5836 32.8369 40.9529 41.5663 37.0552 33.4452 37.7616 36.6362 38.6821 41.3666 39.4326 36.362 42.6861 35.6102 34.4654 39.9532 43.009 41.5942 39.1876 39.5597 42.0786 37.1896 38.1805 44.0763 47.0829 37.5952 38.0055 39.7954 39.1023 45.0495 45.0886 46.2197 41.8202 48.7685 49.3679 
33.3211 33.8022 25.1264 29.7809 33.5971 28.5332 30.8284 36.7631 26.9444 30.4062 36.859 35.0296 29.395 32.4125 31.2301 33.2411 30.6945 36.1789 42.3222 32.9842 36.6421 34.7481 41.635 33.2312 39.1629 43.7029 38.4312 36.7057 40.8325 41.126 38.7505 41.9806 37.9706 43.8946 40.64 47.2585 40.8873 48.4388 38.9033 49.6617 47.4346 39.3984 42.7527 41.9136 48.4483 46.999 43.564 50.4083 41.392 47.4563 44.4217 48.0844 46.5641 48.2262 52.5518 50.824 54.042 56.144 50.0648 50.3061 
31.7597 26.7631 34.0283 31.7494 32.4293 29.3602 33.2741 31.7786 27.7433 28.1499 34.749 30.5158 29.176 30.8084 39.5435 30.5461 41.4827 39.6908 32.8415 33.3844 38.5006 35.6879 33.8578 41.5827 42.5696 36.2763 43.5169 42.7135 41.7174 38.6222 36.1531 41.7926 38.2943 37.6334 39.2254 46.2512 47.4275 38.1094 38.1992 45.9487 50.1906 46.3298 39.3872 48.7683 44.75 44.4633 51.9668 45.8226 43.9532 53.4588 45.1991 51.0468 54.3225 47.1479 51.2025 53.1001 53.387 51.8481 48.1408 48.4244 
27.5209 24.4954 31.073 30.5883 34.1096 29.2369 26.0058 30.209 29.4867 32.6091 29.6593 38.3381 38.5963 36.8248 38.9036 35.7926 30.2259 34.7974 34.2268 40.9726 39.5 41.2546 38.3154 31.8876 36.2942 31.7451 41.8245 37.9889 42.3229 38.101 37.3753 39.6793 43.0327 41.2381 35.808 41.3902 40.6234 42.2241 41.0002 40.33 34.9903 36.7261 37.7775 40.1949 38.249 45.1358 41.4218 36.5087 41.9998 43.823 46.7079 38.653 42.9917 46.0701 45.3095 43.2234 46.3451 45.7822 45.7649 47.8313 
32.3957 32.2213 28.0688 25.886 30.9793 36.8497 26.7479 27.1984 30.0815 37.0796 29.4789 36.6411 37.5669 30.026 36.9319 34.0419 30.0568 30.6748 31.2297 33.9075 39.2913 36.901 34.2637 38.3258 42.2316 41.7982 36.1144 42.6318 41.832 39.542 39.1234 43.0717 33.52 37.2032 35.9991 37.8139 39.766 42.7966 47.1673 42.7434 40.1335 41.9821 47.7816 41.1944 39.3635 42.0016 41.974 45.4776 40.7163 38.8372 42.5553 44.9676 46.7912 46.3435 45.29 42.6728 47.5818 43.3338 44.7413 51.312 
31.4318 30.3095 28.1229 36.9115 36.1714 34.0891 29.1051 30.8835 38.2516 35.4753 31.1552 31.3416 29.7808 36.1498 29.0212 36.6111 37.9999 38.1595 36.0045 38.7071 33.2127 32.8299 40.5084 34.8711 34.0653 35.3912 42.0429 41.3847 37.5244 43.8566 37.7133 39.3462 44.6718 35.3403 40.7883 40.8014 38.2953 46.818 38.4677 36.446 39.0032 44.3924 42.6499 37.3629 47.7029 49.2231 44.5479 44.2041 49.3061 43.6927 38.9958 47.9871 41.9282 41.7305 49.6172 52.3466 49.8546 51.4283 43.9403 52.9418 
30.9449 24.5183 30.0238 29.9887 36.3021 29.505 34.6694 30.524 32.8924 37.4005 37.971 32.8752 31.0555 30.4222 35.5124 37.0662 40.313 41.4691 39.0166 31.6493 41.9018 39.4787 36.7163 35.8777 44.2468 35.2585 38.3573 44.4224 45.7637 44.1664 44.265 43.4577 36.2302 41.388 36.6205 44.3547 41.6106 39.5404 48.9748 39.0861 42.7474 39.2986 51.1563 40.1715 49.5644 42.9311 42.5207 49.1011 52.8935 49.9089 42.5705 43.8721 51.3467 43.9797 47.0024 46.1693 55.8344 47.2937 47.324 45.9599 
24.2596 27.5917 26.4535 33.5624 36.2375 37.0042 36.2248 28.0765 35.1197 37.8498 36.6445 29.8328 31.4669 34.2231 34.4477 39.7841 37.1638 36.4914 34.9427 35.056 39.4049 32.5474 39.5079 38.1208 41.3544 35.7972 41.518 34.2679 40.5013 43.2969 39.1167 43.077 38.3446 44.303 41.154 41.954 48.6909 45.0179 48.6085 47.4285 41.7677 45.2213 47.9727 40.2393 44.1321 40.8774 47.0609 51.9444 42.7847 48.5702 45.3147 50.9448 45.8286 45.3599 53.3005 53.9625 56.3839 48.541 53.4738 52.7202 
34.512 29.3786 28.4176 29.6349 34.8758 37.0063 32.0426 30.1627 35.3908 36.7991 38.0707 36.0216 38.3222 34.6606 32.816 34.0792 35.0552 38.0116 43.2581 42.3469 41.7182 34.6701 39.4627 43.2277 42.2226 44.8904 38.6748 45.7691 37.6568 46.8945 47.4574 44.155 45.9697 39.4868 49.8244 42.777 46.3063 42.0869 50.7676 47.4875 48.8712 43.0782 46.1992 48.9801 44.0108 45.7621 49.042 54.3233 47.4926 54.3581 54.5156 48.2031 55.8412 53.0712 50.2935 48.1937 56.5035 49.2957 50.8383 51.3814 
28.5737 31.9801 35.536 30.7435 29.2166 27.1335 34.9329 37.0676 30.8984 33.715 31.9925 28.642 28.1787 35.8786 32.3787 35.8828 34.2594 35.6442 31.4932 38.1146 40.1006 38.6828 34.5627 31.155 41.8052 39.8395 41.4069 32.402 38.8886 35.8485 33.8597 41.8581 44.4166 38.5441 33.9088 43.6956 33.6809 43.8169 41.9056 42.7194 40.8735 37.9112 43.2337 39.8462 41.6295 44.4557 37.1892 37.2161 47.4895 41.1267 47.8348 49.2523 38.1268 38.1232 46.5083 41.8289 49.0871 51.0918 46.5791 40.5788 
33.7673 32.8066 25.0208 36.4406 26.2249 32.8785 37.5451 32.3493 26.9596 30.3879 33.4428 35.6373 34.1618 38.8765 37.9955 31.4546 35.7448 29.8644 36.0587 36.0741 40.2894 40.0573 37.0067 41.9414 38.8292 40.8276 34.5988 37.3044 43.7381 33.6241 35.1179 37.6095 44.1691 34.7551 44.3571 35.7986 36.3421 40.1725 42.4115 37.3291 40.3208 42.8285 41.4037 38.9044 44.9903 48.8365 38.5132 44.551 45.5612 44.6729 43.6674 50.2274 43.1184 42.1526 42.3923 42.4613 50.2119 45.1141 49.1241 50.5023 
34.5495 33.309 26.7687 26.6453 32.0731 29.5723 27.9954 34.1569 27.4287 35.1869 27.5935 30.8282 32.1693 28.2873 34.7375 32.0545 33.7914 35.5775 31.8131 29.5334 30.0625 30.8571 33.6655 31.6138 35.8273 36.4401 31.5274 40.4926 38.5996 41.2806 41.596 40.3437 41.7042 41.522 39.0436 40.3685 38.9061 33.8755 45.5626 42.2881 35.2249 38.9198 42.9272 36.4377 42.1042 44.8891 40.8449 40.3755 41.3049 45.3098 43.7725 43.5092 38.2186 49.0177 40.4141 40.1096 42.5406 43.3859 49.3608 50.3192 
25.936 27.8769 31.0652 32.1247 25.7283 38.0343 32.5144 28.1677 37.7284 34.8157 37.8175 33.1018 34.2708 31.1627 31.7993 39.5554 33.7153 37.4093 33.8995 36.4312 42.0032 39.5672 44.4895 45.1121 41.8079 39.3991 46.4899 37.8993 46.1963 45.3471 46.1184 39.882 47.2155 41.7716 46.352 47.6125 44.7813 42.1602 45.2296 41.7132 46.4534 49.2 48.8457 51.6885 42.9752 51.4401 46.7608 44.6765 54.7223 47.9028 47.9808 53.6677 49.3816 49.8679 53.0302 52.2044 54.6278 51.193 60.2715 51.2461 
32.6594 24.679 29.9574 34.71 34.8073 33.8411 25.9011 30.574 30.4399 29.6056 28.8796 31.4777 32.1728 29.5263 30.6125 31.4087 24.2512 31.8232 33.1522 28.0479 46.8552 45.1847 43.6563 44.3996 45.8626 47.8772 48.3971 40.0653 40.6007 48.1596 40.2151 43.5851 41.7204 43.6284 39.9555 41.7604 43.0894 39.4554 41.6998 41.6131 49.8256 44.0041 39.4462 45.9952 44.6864 44.8248 40.4678 45.1025 39.087 43.6141 46.1648 45.3382 48.1812 42.2231 47.42 42.641 40.0264 46.2647 39.3397 45.9379 
34.8051 27.8044 28.9207 34.0835 32.1853 30.1462 26.5312 26.9892 25.1134 24.9548 34.5814 32.9546 26.601 30.2398 26.4512 31.5618 31.7237 24.6581 24.1076 28.9505 48.4057 50.3733 50.9208 45.6215 55.4924 52.8374 55.5783 46.667 46.3412 53.4238 52.5608 52.3695 48.611 44.7229 47.9838 50.6186 49.8504 47.9926 44.4001 45.3486 45.5928 48.6033 55.4828 44.0755 54.1917 55.3076 50.0421 52.8785 49.1424 46.0732 55.8739 49.1277 54.4373 50.5275 46.2884 52.6626 52.8689 47.5138 44.3847 49.1167 
29.126 28.2653 32.4141 35.238 35.3552 32.5456 32.5742 26.7993 27.5077 25.8706 26.9859 36.0084 35.075 28.4702 31.958 29.6203 32.5301 29.4312 35.863 25.2037 25.131 41.3258 44.0285 50.9242 41.4135 42.3331 50.5125 46.4088 48.2446 48.0239 45.0659 46.1323 44.142 46.9501 40.6057 45.5429 42.437 42.2034 49.0131 47.8065 43.5555 44.8503 42.1722 43.8071 48.3874 41.3456 51.2286 46.7915 40.0908 43.6069 41.9405 40.6409 44.5121 47.6397 40.3042 43.7057 48.4873 45.4893 50.0711 50.9197 
25.4781 24.1241 24.3562 29.2685 33.3975 31.8119 24.5835 26.9884 32.7428 32.9715 33.2249 31.8482 25.1997 25.113 31.9977 25.5427 26.4431 24.7917 27.1772 31.9984 48.4216 37.6878 38.2427 44.3191 41.8514 47.4658 37.888 45.1464 44.7091 45.081 44.0774 48.8605 40.919 40.4372 39.7997 38.3198 39.7468 41.9589 41.5242 49.4583 44.3734 38.0646 47.9971 43.6236 39.2937 42.4911 38.1333 41.7493 46.5518 41.4019 46.9579 48.4485 42.1176 47.2234 41.7136 46.1596 47.1397 48.9952 48.2351 44.6929 
31.7502 24.3823 28.5432 31.8552 34.4834 31.676 34.9439 28.4224 32.5654 28.9806 35.2167 30.1972 33.8687 34.1661 25.7711 24.2431 34.0115 27.5033 26.0348 29.4426 43.8283 49.8462 42.7119 47.3782 41.5372 46.4271 52.1909 44.0508 40.2339 48.4927 50.3262 40.2453 44.9975 50.4257 43.1636 44.2223 42.0964 42.2154 51.9067 48.9473 45.3551 46.3437 51.8884 42.1974 43.269 43.298 41.1112 49.1247 41.2816 44.7922 50.7132 48.2151 50.6853 50.3508 48.099 40.7851 50.0993 50.0684 50.4856 42.7567 
27.1019 25.8456 31.351 32.4152 34.4551 25.2298 30.4671 26.9304 28.0585 26.1332 30.2758 32.5676 30.2963 27.4276 34.6391 30.2949 30.3474 30.6757 29.2869 25.4924 53.2196 49.2988 44.2319 52.8997 55.1133 52.2784 54.7406 43.3359 53.759 50.9887 48.2743 52.5905 47.5204 43.8823 54.8607 52.7958 47.6683 51.7011 47.1601 51.4066 44.9572 44.7713 51.7761 53.5762 51.8065 52.6085 50.58 52.8502 47.4913 47.0786 43.9374 53.5663 44.8095 50.7309 52.1032 50.1258 45.4746 49.5265 53.6522 50.757 
27.0784 35.7051 35.2744 32.3616 35.8245 28.754 35.4242 30.6882 29.9721 26.3083 32.0024 32.828 24.7322 35.881 29.5531 34.1569 25.0062 27.5672 25.0088 27.4089 35.816 30.6063 32.3744 32.4086 51.9483 48.116 47.7043 48.7024 52.0294 48.3668 42.7685 48.0686 51.8642 43.8033 45.2417 45.1811 50.0545 47.206 45.1786 50.8708 53.0797 48.5669 50.3295 42.5247 48.6418 42.4105 41.7785 44.5356 42.5831 44.8951 44.4786 44.5414 46.9423 52.9298 46.8366 49.6675 45.097 47.9749 50.9891 51.5094 
30.9214 30.4733 24.9228 30.6632 26.6403 27.6402 26.4196 28.7801 31.5449 30.0382 31.5552 26.0447 33.2521 34.0949 34.8363 33.4203 33.475 33.1482 30.7315 29.7407 34.5172 29.3882 27.4842 24.0525 34.2517 32.3755 45.8833 50.1706 51.3622 46.3736 45.6211 52.6313 42.2699 44.7721 46.5553 44.1651 52.2502 50.0167 42.7054 52.8014 45.1654 44.7196 48.4961 46.1995 43.1163 48.9551 51.4199 45.0857 52.3702 49.1674 46.321 51.9817 50.0435 45.6457 50.9043 48.3055 42.441 41.4569 44.1765 42.1626 
24.0228 24.748 32.1244 29.9354 29.4396 32.2253 25.4905 30.2923 27.5191 26.4582 35.3776 28.5374 28.3372 28.1551 33.3681 26.8485 27.9032 35.6387 35.3592 35.1932 33.9267 42.9868 51.3531 51.6884 44.716 47.0045 43.1627 41.7577 42.1943 41.5418 43.4733 49.9739 47.19 43.1256 45.5316 46.3303 41.8043 50.1575 45.5371 49.9694 47.678 43.2919 43.011 51.3557 48.112 46.0967 40.818 43.8046 51.4145 50.8346 40.696 44.413 41.6464 41.3787 48.209 50.6183 50.2875 50.4659 46.8925 41.0563 
28.1088 29.5571 32.1706 30.0073 30.0584 35.4896 25.586 32.8786 33.8558 29.3816 32.8775 29.6475 30.9786 29.8715 24.928 33.2888 31.1582 24.2468 32.5481 27.4981 29.4011 26.7648 33.1823 25.3066 24.1752 46.0895 47.833 48.2792 42.9483 49.8557 41.3663 45.1237 48.0034 47.5723 46.7248 42.3824 49.8083 44.8945 47.9839 42.5946 50.1032 38.6026 42.7749 46.8331 45.7259 44.0426 45.7006 39.9437 50.3209 49.5457 46.0858 40.5848 41.9979 48.6152 45.2827 44.9636 49.39 41.9612 40.0392 48.1554 
33.1287 26.6333 34.6758 35.0963 31.6554 32.6719 26.8639 30.278 26.6421 33.7519 29.8986 24.9353 35.8281 25.4277 25.1134 32.7002 31.1079 35.5935 31.911 29.0482 27.1177 49.5392 44.4708 39.5633 45.7318 48.9802 39.8442 42.2939 40.8349 47.9829 47.1522 39.4094 40.8074 49.1253 43.2946 44.0232 48.5256 43.4789 49.9405 48.5961 40.5485 40.9969 43.8634 48.7577 41.5554 47.2492 40.2757 41.4875 47.0777 50.0511 50.2141 40.1438 40.0781 49.4532 40.2066 46.5584 40.0741 50.2457 40.4942 46.7472 
35.0041 28.2296 32.4391 33.6942 25.4755 30.1109 25.99 33.4812 30.3878 33.4129 25.8247 29.7841 27.1001 34.9215 32.3785 30.8699 28.2777 34.6505 33.8639 29.1194 35.3056 26.6888 35.2362 49.283 44.5187 53.2986 46.9001 50.2165 46.3247 50.2573 48.4505 45.5605 44.2532 44.4471 53.7525 54.2196 52.2454 52.8293 46.1473 53.5762 49.0862 51.2763 54.4976 45.4878 46.6482 54.1167 48.4215 53.2079 52.4973 53.3478 49.9584 46.606 55.0814 46.5226 51.4136 51.7563 45.4177 51.4052 45.0953 45.183 
24.415 34.8998 29.577 32.9036 26.0351 27.4298 32.2944 34.028 35.9394 27.1004 26.2863 34.1448 25.4997 27.4133 25.4116 26.6333 24.0356 26.3653 24.5009 30.4612 30.4403 53.8476 44.7549 51.5139 52.2461 54.5152 54.4469 52.2425 54.7745 51.2381 44.1383 44.9014 54.4623 49.2617 51.9663 48.2732 46.6255 46.0291 45.183 47.2079 49.8813 48.1392 51.2837 51.9902 49.8798 55.1439 51.6883 51.7831 44.2132 52.6754 51.9983 52.0453 51.999 51.3777 50.9333 54.9089 53.9229 45.6751 45.2032 52.0813 
28.01 27.9612 26.655 29.1425 25.2864 34.1151 33.7284 29.2979 27.7453 33.4049 29.7003 30.3632 25.7601 35.0001 28.1499 30.7855 32.7857 26.2959 25.7215 25.7605 29.6331 43.7712 49.5215 46.7979 45.578 41.0241 50.1076 46.0318 50.657 48.3016 48.6508 50.4043 46.6734 41.5228 51.0297 42.8279 41.1353 51.2104 41.171 43.5821 51.0014 51.8082 49.873 43.7352 51.2273 51.3554 43.7169 45.098 48.9354 44.9658 42.0684 41.6366 44.4208 43.0658 45.8978 48.0038 43.3188 42.4085 42.0156 46.2155 
35.0357 35.913 30.9581 31.2577 24.3393 25.777 29.0941 32.9106 32.63 29.0548 31.9444 31.8321 33.3083 35.2788 34.8653 35.7775 27.6513 33.1731 27.8349 31.8787 32.6462 30.6089 33.3582 41.8695 45.0662 45.4426 47.0998 50.0236 47.0084 52.7411 45.7356 41.4314 48.3476 44.7831 48.456 51.2564 41.1799 47.3319 50.0332 41.4377 42.2074 44.0123 52.5497 44.5825 47.6228 46.9801 47.4153 44.941 42.7281 51.5212 44.7845 42.0649 41.0976 46.4142 43.9671 50.8418 49.8716 41.3367 48.9789 50.3226 
24.8027 32.7975 32.0858 32.5511 30.2582 27.4614 35.801 31.9856 30.9819 32.182 25.1479 29.0004 25.4968 28.6229 33.1897 32.3587 30.6687 35.2641 31.8963 25.8736 28.8822 32.7365 25.2783 33.4522 27.1078 50.2946 45.9834 42.3803 49.7012 47.0814 48.4938 47.2349 49.0523 46.6037 47.5419 50.1249 49.6064 49.4408 49.3376 50.6908 39.7594 50.248 39.9812 42.056 47.4766 45.393 48.2822 46.4957 46.8336 44.0996 41.6403 50.2535 46.7671 50.3758 41.929 48.4669 42.0329 49.194 48.1229 44.1481 
