28.615774999999996 35.974804166666665 41.58300416666666 43.471816666666655 40.51698749999999 34.32949166666668 27.661295833333337 22.955995833333333 17.802125000000004 18.005658333333333 21.616404166666666 27.741645833333326 35.385058333333326 40.83353749999999 41.15047083333334 40.7561875 35.8349125 28.826070833333336 23.348437500000003 19.66636666666667 17.544062500000003 21.115462499999996 25.725245833333332 33.74932499999999 38.274575 41.51912083333334 40.73244583333333 37.2343 31.078412499999995 24.622587500000005 20.57447083333333 19.554291666666664 21.258570833333334 26.12321666666666 29.53350833333333 35.67147916666667 37.84578333333334 39.873762500000005 38.38402083333333 33.55972083333332 27.738220833333333 23.211512499999998 21.881604166666666 21.33771666666667 24.81465 29.705812500000004 33.55301666666666 38.11955416666667 38.585566666666665 36.746654166666666 34.2688875 29.0310625 25.093712499999995 22.363570833333338 22.311575 25.4375 28.784441666666666 31.05912916666667 34.764054166666675 35.65127916666666 
28.4004 39.8835 40.4039 42.5002 42.7544 32.9513 29.7748 20.6785 16.1984 15.6932 22.6271 35.4492 41.4701 45.5868 42.5029 33.1578 33.9853 19.0391 14.6295 15.2926 24.0683 24.7247 37.9322 47.5312 47.9608 38.2376 33.4948 31.8874 17.4009 14.9492 15.003 23.2439 26.7731 34.7717 40.3571 38.0118 39.9174 35.4881 24.5046 21.6087 14.4941 14.8137 24.6532 35.3538 40.324 47.4154 39.0893 39.7996 24.0185 18.8891 14.1087 10.7992 24.6741 23.5884 32.7261 43.0726 49.6394 44.2687 32.6956 26.7285 
28.2605 33.4574 43.3897 41.2148 37.1533 33.4367 30.1819 25.1225 18.3349 20.6586 25.602 33.0963 43.5086 41.2493 42.5565 39.4724 28.1088 20.038 20.8383 20.7693 19.1773 21.728 28.683 45.8125 40.7795 44.9571 35.8433 33.54 20.4141 16.7765 18.4715 25.156 29.8314 38.2776 42.4148 37.2415 43.5514 33.5848 27.1955 25.4418 21.9488 13.721 18.8011 31.3587 38.3525 38.5398 46.2625 41.0847 34.1759 30.2528 21.4883 19.2692 18.9633 20.6217 26.7159 36.1302 39.6474 38.9016 38.3285 26.839 
28.615774999999996 35.974804166666665 41.58300416666666 43.471816666666655 40.51698749999999 34.32949166666668 27.661295833333337 22.955995833333333 17.802125000000004 18.005658333333333 21.616404166666666 27.741645833333326 35.385058333333326 40.83353749999999 41.15047083333334 40.7561875 35.8349125 28.826070833333336 23.348437500000003 19.66636666666667 17.544062500000003 21.115462499999996 25.725245833333332 33.74932499999999 38.274575 41.51912083333334 40.73244583333333 37.2343 31.078412499999995 24.622587500000005 20.57447083333333 19.554291666666664 21.258570833333334 26.12321666666666 29.53350833333333 35.67147916666667 37.84578333333334 39.873762500000005 38.38402083333333 33.55972083333332 27.738220833333333 23.211512499999998 21.881604166666666 21.33771666666667 24.81465 29.705812500000004 33.55301666666666 38.11955416666667 38.585566666666665 36.746654166666666 34.2688875 29.0310625 25.093712499999995 22.363570833333338 22.311575 25.4375 28.784441666666666 31.05912916666667 34.764054166666675 35.65127916666666 
33.2194 35.8685 36.955 47.1315 38.3517 37.7406 25.9408 25.4453 16.7407 23.2634 16.3406 25.8889 31.9872 39.2912 37.5751 43.4289 36.8162 31.3377 26.7043 20.1941 16.6629 13.259 22.0613 28.1936 27.0563 33.181 38.2686 44.5323 37.7158 33.6835 24.6716 23.8462 16.3875 23.71 23.0742 25.3557 33.4573 37.4594 42.8146 46.9368 34.0586 28.077 20.6412 19.6025 19.3939 22.5548 17.9909 31.4263 33.4172 38.1911 47.984 44.9496 34.9163 29.4409 30.0664 15.2331 14.5865 12.5258 24.0905 32.3692 
26.3583 41.0159 46.4368 42.2493 40.7608 31.7019 33.7671 16.3022 12.9129 14.5288 17.3474 27.3406 36.521 41.0073 36.6456 46.338 32.6653 36.2698 29.778 13.378 19.4014 20.3952 26.7193 33.108 42.7399 45.7245 40.1983 34.6581 36.5698 29.7383 23.5417 14.2801 22.7594 25.8083 26.8188 40.2959 37.922 43.2431 38.2278 39.6924 34.6257 29.0349 24.9492 22.7362 17.1803 26.8355 25.3635 39.8799 43.7804 46.1271 40.019 30.9997 26.272 21.2123 19.5439 23.5599 27.3578 29.3063 32.6175 39.3324 
24.0823 39.542 44.7246 46.4448 44.1481 37.6568 27.1227 25.928 20.0148 15.0963 19.9849 26.8917 28.609 32.2573 36.2212 38.5804 37.718 29.1157 25.728 21.2087 14.0566 16.2058 22.0113 26.2517 30.0016 37.2407 45.0267 42.8906 32.2107 26.5808 24.5923 20.3293 14.7924 24.1676 21.5377 26.5376 36.7649 44.3524 35.8989 42.4474 31.4146 22.3716 19.3152 18.3085 14.8759 26.1938 22.6466 38.906 33.7466 36.3569 36.8069 42.2168 37.1631 28.3435 26.3122 22.2013 23.8705 27.9548 30.8444 31.9461 
35.4646 35.478 37.3539 40.355 38.3622 37.224 31.0864 22.7959 18.8444 12.2326 19.2947 28.9564 24.7471 31.3671 42.8636 39.7815 39.4978 29.8952 30.6365 19.7036 15.4996 20.3918 14.4383 23.9745 32.4388 41.6363 46.3351 37.8753 42.8424 31.785 30.2816 19.0999 14.9406 18.7319 17.1666 22.0404 26.444 33.3483 46.9012 41.4629 45.3279 29.9568 32.9891 17.3461 18.3272 15.0005 24.6997 24.2448 31.2329 36.3487 48.3386 42.0269 33.9831 28.4909 28.7518 19.7386 17.784 14.8201 20.0448 27.7847 
30.6026 32.5901 37.9136 48.5191 39.0556 31.6838 32.6279 26.1194 15.1641 13.6984 22.7437 30.8435 35.1712 44.1129 39.5097 43.3012 34.8629 32.2158 29.6659 20.8511 21.3297 15.5137 19.8034 30.7427 37.3769 44.3648 39.735 36.3637 29.0326 24.982 21.1251 14.2826 19.8996 25.486 27.4441 33.3133 37.5749 44.3084 42.6221 41.4362 31.4037 19.3797 19.6594 15.1039 23.6236 27.8709 28.1088 44.7615 46.993 40.8773 40.4693 30.6739 23.9784 13.7305 17.9631 21.5228 20.8976 28.3958 32.487 44.577 
31.9525 34.6294 41.1201 40.0693 33.8886 31.6604 27.242 23.4285 22.6107 23.6916 24.1668 27.7273 30.9359 36.6393 45.1425 42.1243 30.5826 22.8608 21.3639 18.5702 22.1494 26.1455 28.0886 37.753 34.5612 41.6792 42.2417 38.2841 27.0361 20.0837 20.8001 13.5588 22.6072 28.1691 38.3313 40.9077 41.731 34.9247 29.8962 27.9848 20.509 23.8579 15.2224 27.9981 22.9443 38.9532 33.6126 41.5427 34.9631 40.0668 29.6134 24.3705 18.0091 22.6876 21.7537 27.0703 29.6967 32.9133 44.0655 38.1459 
24.1212 39.138 44.7903 39.59 38.8291 32.6002 30.2106 24.4395 21.6196 16.3847 24.8099 33.1998 34.279 44.3566 35.4984 38.9918 38.8147 30.9747 28.0701 20.1696 20.1191 25.3803 30.2381 40.2618 40.0547 38.3541 40.9271 30.0574 27.2238 19.5551 16.451 24.9023 20.7698 34.7747 30.2435 45.0205 42.9342 40.5618 33.8609 22.1165 22.9078 24.5628 24.5469 24.3386 25.8194 35.5894 43.1462 46.4495 36.124 34.9131 23.9198 27.9153 13.8007 23.0402 21.9833 33.3965 35.1382 35.6664 39.1259 39.8947 
27.0957 32.1208 41.3884 44.6437 43.0262 29.2457 22.4244 22.0992 15.2671 22.1804 28.0592 31.7798 34.6858 46.5108 45.1019 42.858 28.6596 21.878 20.2123 21.108 18.5661 21.4538 30.0997 33.9909 42.3083 38.9634 42.0963 27.0734 29.5048 22.8434 21.9233 20.5295 29.4646 29.1772 36.492 39.5518 43.8244 42.8789 33.5313 20.8253 20.785 12.1337 25.3245 30.8716 35.5802 40.385 40.7768 40.477 41.8406 35.1573 23.4253 11.9278 10.8316 15.7002 23.2335 33.5085 45.5429 46.1017 36.5624 42.5511 
33.28 31.7139 40.0542 38.4934 45.6483 36.8369 31.7404 25.3062 22.3216 21.4503 24.4459 19.822 35.1442 42.0838 41.2696 41.1945 35.7095 33.0415 31.212 21.2648 19.2317 16.0097 22.7469 25.6344 31.8187 45.5574 37.7153 37.4709 37.5934 30.0256 24.7731 20.4962 20.5249 22.914 29.074 27.1797 42.3352 47.7195 46.1196 38.5376 32.0601 24.954 17.2334 14.915 14.4022 23.7793 25.0981 28.3379 44.7335 41.8822 44.5929 37.0021 38.1604 25.0817 17.4369 13.7251 17.3254 23.7679 29.8211 30.1182 
25.3437 34.293 38.2116 39.9892 42.5053 32.7023 27.069 22.3364 21.3176 17.8632 26.7314 30.2757 45.5687 38.7466 44.3744 39.7253 36.5967 25.99 13.0739 16.0105 13.8256 27.7116 28.5977 36.9964 44.423 43.2376 30.956 23.6792 26.6523 21.7737 11.0502 21.5332 27.4375 42.5336 46.5312 49.4928 37.1504 30.8607 26.715 23.3207 14.1386 21.5582 24.8324 27.0154 39.8051 45.779 40.8189 35.4252 29.5666 22.6462 12.8988 20.0886 17.8615 25.0158 31.4907 40.9387 48.5442 42.9061 43.9021 35.1827 
24.7381 38.8324 45.2444 45.4828 39.3667 35.1001 25.614 24.6833 25.0595 22.1634 27.7047 32.2716 38.9718 45.1165 42.8549 31.7307 33.6418 23.62 19.7335 25.4688 18.6195 21.1685 32.4975 40.9839 36.3593 43.1952 39.113 28.7579 29.2625 15.7588 14.6338 23.368 33.9209 31.143 38.8354 43.3231 39.2509 28.8652 33.3156 18.1286 21.6254 20.9901 20.4098 33.1032 35.6549 44.2123 44.1626 35.0995 33.7887 27.7123 26.2248 19.9014 24.2568 28.2048 28.3815 31.5464 40.6665 39.187 32.1575 31.5037 
32.716 34.4624 39.9308 41.2031 36.7692 34.8305 26.4752 18.6752 16.8035 15.0381 13.8694 28.4405 38.3421 45.2852 45.0892 45.1278 45.0149 36.9788 28.1217 19.8534 12.8856 19.289 24.9619 26.4264 30.4139 39.9704 45.2465 43.227 39.4389 32.4509 24.4247 19.2532 19.4648 14.4983 27.1488 30.6762 33.0809 44.4197 44.9099 45.175 35.9552 26.4771 17.2278 14.9977 14.7964 22.3719 31.3013 37.8703 44.5885 42.828 38.9108 37.242 25.7467 22.6635 24.2303 20.8374 17.104 20.6524 24.1314 31.488 
29.8142 37.6585 40.596 44.5742 44.9079 34.9695 29.2922 25.0674 11.79 20.3221 24.7539 32.0059 31.3778 44.9408 50.1125 47.2495 40.5009 31.2325 19.8518 12.9848 20.6605 20.9502 24.0231 34.7075 41.3321 37.827 40.9794 37.4774 39.3666 26.5946 25.0499 15.6122 13.1802 14.2604 29.8755 29.9838 35.5487 47.8542 43.504 35.3484 28.2006 25.5456 15.8462 20.8775 19.4976 19.214 34.6789 39.7521 48.8496 43.5751 44.5902 35.1446 22.9514 17.954 16.4736 20.6933 22.6032 23.802 38.2354 42.6176 
33.41 33.4254 42.5327 46.4694 41.7184 38.9634 23.2206 27.688 13.4399 14.1763 22.1868 23.8021 32.4146 40.3452 44.1663 43.1989 37.47 33.6843 22.3874 21.517 19.3608 23.871 24.4554 23.46 37.9469 35.7747 37.2175 38.7794 36.753 32.9727 21.8096 23.2041 23.2589 23.9389 24.5569 29.3372 41.2972 45.9104 43.5796 44.3204 34.8004 32.8034 24.1583 12.7402 20.3446 25.2639 29.9379 35.835 37.2604 36.2004 45.3458 38.6145 25.8346 25.5507 14.7844 22.099 17.9578 27.1539 32.0284 32.8216 
27.1111 34.0624 38.6419 36.5439 42.0513 32.2969 31.0709 20.229 15.3987 24.602 19.1427 27.6713 42.084 39.7743 36.7332 34.6315 29.3749 28.64 15.9529 23.3278 25.1729 30.6085 26.2048 40.9001 41.4394 43.6026 39.4725 28.2489 23.4596 16.0973 18.8692 24.483 21.8046 27.5689 33.1216 43.6293 35.5945 35.6738 29.2665 28.054 18.2133 13.9936 28.1488 22.0607 38.7226 34.8596 40.0589 35.5494 33.4865 22.7518 18.6092 17.1169 21.567 17.7808 25.5686 32.1095 44.4332 43.6132 42.6213 38.7247 
29.0875 32.8862 46.6395 39.3954 45.5096 40.0179 30.7446 23.2357 14.4476 22.6805 19.8003 23.7057 35.0993 43.2125 42.9126 45.1533 42.3772 30.0492 25.5925 19.6269 21.9391 20.6705 26.3571 37.0265 37.4641 45.6748 47.0213 39.5001 29.419 23.6609 20.1667 17.3178 14.0001 22.6078 25.5213 33.0804 40.5433 48.4447 41.3228 34.9232 28.8677 19.2215 22.2638 12.4436 27.5786 27.6151 38.4579 44.6021 49.0474 38.6107 39.2059 27.906 27.8161 22.8421 20.0701 22.1681 25.3195 34.2882 45.1036 42.5741 
24.3918 36.9381 43.4671 48.3742 37.3181 34.6266 24.4798 25.3016 14.9215 12.8385 14.7964 21.395 35.6423 37.343 37.485 38.1121 37.6857 27.7354 18.889 18.1479 12.1962 20.6191 19.2287 35.0272 42.2747 47.5621 46.2217 43.4303 31.1956 22.8932 20.2434 13.4576 20.5581 20.0322 22.9262 38.0431 36.2683 38.1313 43.531 33.485 24.631 26.6509 24.2126 13.8983 24.5684 26.3132 28.8983 32.8437 48.4558 43.9386 39.0099 27.9314 27.4809 21.0781 16.7338 23.2277 28.082 23.5618 39.7664 38.8657 
27.648 33.5861 42.7934 46.4275 41.1317 33.9477 29.1796 25.3117 19.6424 11.4724 21.7208 22.1861 27.5997 34.3349 37.9275 40.2055 42.1164 40.0931 24.3769 19.7755 12.5162 13.3379 20.628 26.4421 36.3659 39.8148 42.8554 48.3719 36.8583 36.7131 27.5907 17.5332 16.3427 21.4677 13.7189 29.7273 31.8794 36.2559 43.951 41.9473 39.0828 39.8352 29.7303 19.1593 19.269 11.5792 18.7224 29.8883 29.9162 38.6006 44.2021 42.9841 39.9989 30.0995 27.5627 19.7863 13.4556 20.3962 24.237 23.5146 
26.2397 35.0625 48.1225 49.9508 35.5473 40.5235 24.2953 20.7257 19.7114 21.3931 25.4068 31.6184 37.4725 35.7729 38.988 45.5345 37.1953 26.4065 18.7612 24.1489 11.399 20.8685 25.102 33.3568 36.6328 37.6404 41.7254 42.3735 34.15 32.2145 22.9206 17.1164 13.9889 15.9621 21.1623 38.3149 35.8308 46.3728 47.7459 33.0552 34.9289 22.7822 13.3693 21.9965 16.9057 20.1066 32.4563 43.1964 42.6509 47.7389 41.3981 40.8245 25.2424 17.258 14.7021 17.7653 17.2865 28.6266 31.6516 38.961 
30.889 32.4894 37.0183 39.6446 45.9137 31.5081 21.6369 21.9437 16.3393 11.6047 23.1959 26.4595 42.8419 40.7642 45.4687 45.2996 37.1222 23.2974 21.2917 12.3005 12.0308 23.3942 28.8808 37.3818 37.3172 45.0726 35.7872 39.5548 28.4235 14.6857 18.1118 15.1853 26.3777 27.795 35.0796 37.0053 37.8553 37.9298 36.4397 25.0217 16.1311 18.6636 18.4888 25.0112 23.5126 42.7319 42.5988 47.6508 36.1755 39.0345 25.0577 21.8179 10.8131 22.5345 21.1824 31.8022 31.9355 37.5677 46.9366 35.429 
