0 29.709377358490574 
1 29.915089622641524 
2 30.21725188679245 
3 31.99713018867926 
4 31.131757547169826 
5 32.117910377358484 
6 31.50390188679244 
7 32.09909716981132 
8 32.732673584905676 
9 32.90579811320757 
10 32.93990849056603 
11 33.701701886792456 
12 33.88309811320754 
13 33.9521141509434 
14 34.687696226415106 
15 34.62001886792454 
16 34.76495660377358 
17 35.55252169811319 
18 35.60604622641508 
19 36.202531132075464 
20 37.09571132075471 
21 38.45372641509434 
22 38.52102264150944 
23 38.95803301886792 
24 39.38823396226415 
25 40.64999811320753 
26 41.317878301886786 
27 40.55782924528304 
28 41.43585566037736 
29 42.06064245283019 
30 41.230647169811334 
31 42.3263433962264 
32 42.12445471698113 
33 42.362491509433944 
34 42.79661603773585 
35 43.28095377358489 
36 43.73676886792454 
37 43.81561037735852 
38 44.20425471698113 
39 44.1256320754717 
40 44.50362547169811 
41 45.023556603773606 
42 45.80221226415095 
43 45.46023301886793 
44 45.97468301886791 
45 46.841879245283025 
46 46.218752830188684 
47 46.56651792452832 
48 46.8689849056604 
49 47.754172641509406 
50 47.577786792452834 
51 47.89428113207548 
52 48.416783962264134 
53 49.04570377358491 
54 49.031476415094346 
55 49.66180094339622 
56 49.901416037735835 
57 49.53265660377359 
58 50.39670094339622 
59 50.22582358490565 
0 31.8423 
1 33.3021 
2 32.3712 
3 30.4253 
4 31.1032 
5 27.9209 
6 28.0685 
7 31.6294 
8 30.8263 
9 31.6236 
10 31.6596 
11 28.9334 
12 28.4097 
13 30.999 
14 32.7143 
15 31.1408 
16 34.8166 
17 31.4493 
18 38.534 
19 36.0718 
20 39.5278 
21 37.4857 
22 38.5054 
23 36.7237 
24 41.7028 
25 38.9689 
26 34.8491 
27 32.8099 
28 41.126 
29 33.7559 
30 36.3514 
31 33.0182 
32 32.937 
33 38.9925 
34 38.0194 
35 39.337 
36 44.1277 
37 37.2854 
38 39.6778 
39 34.8823 
40 39.1971 
41 38.6173 
42 42.2168 
43 38.776 
44 45.8156 
45 35.7799 
46 38.4099 
47 44.949 
48 39.094 
49 46.217 
50 45.3056 
51 40.7793 
52 43.6028 
53 42.1233 
54 38.6905 
55 42.7685 
56 39.8767 
57 45.9186 
58 41.1792 
59 44.3473 
0 33.786 
1 29.4283 
2 27.3768 
3 37.3424 
4 26.0134 
5 36.2028 
6 31.0243 
7 37.7853 
8 35.7543 
9 36.953 
10 32.4006 
11 37.2576 
12 37.5364 
13 40.4136 
14 33.8632 
15 33.2537 
16 43.2327 
17 40.0221 
18 34.1173 
19 38.4532 
20 42.5647 
21 37.4766 
22 37.2659 
23 43.0438 
24 39.4282 
25 43.5632 
26 45.8074 
27 49.2652 
28 40.0135 
29 43.1008 
30 40.9674 
31 47.6898 
32 47.2499 
33 49.2136 
34 43.9907 
35 51.4391 
36 49.9115 
37 53.2786 
38 45.1929 
39 45.8125 
40 48.8848 
41 55.9336 
42 50.8227 
43 53.7613 
44 48.7672 
45 57.6819 
46 58.6001 
47 54.3536 
48 57.2922 
49 50.0882 
50 55.5525 
51 50.9293 
52 56.8585 
53 54.5623 
54 53.5783 
55 62.1838 
56 62.8526 
57 57.1975 
58 63.8281 
59 56.1269 
0 24.9438 
1 31.2313 
2 27.1868 
3 29.4919 
4 32.5623 
5 27.9714 
6 32.5903 
7 32.2162 
8 34.9671 
9 40.1439 
10 37.8224 
11 37.3428 
12 36.9154 
13 32.3087 
14 38.2306 
15 36.7636 
16 38.6706 
17 33.7404 
18 42.3095 
19 34.9196 
20 39.4181 
21 39.438 
22 45.2791 
23 39.3199 
24 43.1482 
25 36.0969 
26 36.9049 
27 44.5956 
28 47.8287 
29 42.1111 
30 39.4279 
31 46.5685 
32 40.8066 
33 44.658 
34 45.1153 
35 44.5902 
36 41.4234 
37 47.8347 
38 53.8572 
39 44.5647 
40 45.3238 
41 54.7247 
42 44.2337 
43 44.9766 
44 55.8376 
45 52.9711 
46 54.4026 
47 54.4372 
48 56.9123 
49 55.3656 
50 49.8034 
51 50.875 
52 52.8169 
53 60.4592 
54 54.8577 
55 51.2098 
56 53.1535 
57 56.9139 
58 57.1934 
59 57.2379 
0 28.1121 
1 36.3293 
2 29.4486 
3 36.2299 
4 36.3084 
5 27.1836 
6 33.3193 
7 30.7454 
8 27.2486 
9 35.6898 
10 28.3023 
11 34.4149 
12 36.1121 
13 32.1317 
14 38.5204 
15 31.5615 
16 30.0991 
17 35.5261 
18 34.4978 
19 33.9079 
20 41.7105 
21 40.1728 
22 40.6953 
23 36.2342 
24 32.534 
25 40.753 
26 43.6766 
27 40.6874 
28 32.3973 
29 37.5158 
30 44.2263 
31 34.2962 
32 33.8502 
33 41.4931 
34 37.198 
35 38.8984 
36 42.4324 
37 45.5173 
38 45.8172 
39 45.8344 
40 39.4513 
41 41.1374 
42 42.3521 
43 38.8468 
44 41.1352 
45 47.2166 
46 38.3026 
47 49.9033 
48 46.9802 
49 49.8109 
50 43.6625 
51 42.2603 
52 49.1265 
53 47.7338 
54 46.039 
55 46.8042 
56 52.0079 
57 43.246 
58 46.1068 
59 45.1586 
0 33.8521 
1 29.3957 
2 31.5708 
3 31.1028 
4 25.3776 
5 31.4809 
6 36.1373 
7 32.8189 
8 37.5624 
9 31.6066 
10 35.3645 
11 34.9452 
12 38.5599 
13 36.8803 
14 38.5829 
15 31.8456 
16 32.358 
17 31.984 
18 35.6291 
19 35.851 
20 30.4303 
21 35.6409 
22 33.5137 
23 34.9342 
24 35.8212 
25 35.5492 
26 36.5261 
27 35.8597 
28 35.5282 
29 42.8287 
30 40.8326 
31 39.7685 
32 39.1554 
33 43.7347 
34 36.4371 
35 43.822 
36 39.3814 
37 41.5543 
38 39.4323 
39 36.2012 
40 40.5088 
41 38.638 
42 39.1037 
43 41.9803 
44 42.6664 
45 43.1847 
46 39.2537 
47 42.7773 
48 43.7083 
49 46.995 
50 42.2052 
51 44.2995 
52 42.6413 
53 46.78 
54 46.5499 
55 42.4782 
56 46.4594 
57 43.2089 
58 51.5067 
59 41.9907 
0 24.3085 
1 25.0208 
2 28.8281 
3 36.8007 
4 35.288 
5 31.4105 
6 36.0205 
7 31.5055 
8 28.0319 
9 32.3991 
10 40.0655 
11 30.9085 
12 40.8476 
13 39.5119 
14 42.1863 
15 38.2533 
16 37.2412 
17 31.9399 
18 32.4066 
19 41.9704 
20 38.0374 
21 43.0109 
22 38.4823 
23 38.8465 
24 35.3263 
25 46.8235 
26 40.3321 
27 39.5425 
28 43.5947 
29 47.0212 
30 48.1591 
31 40.2924 
32 47.7524 
33 41.6874 
34 46.8247 
35 46.8959 
36 46.9777 
37 49.7472 
38 44.4974 
39 50.599 
40 50.3566 
41 53.3457 
42 48.4711 
43 54.0131 
44 54.7846 
45 53.6267 
46 49.7506 
47 46.6692 
48 53.6246 
49 58.2838 
50 55.884 
51 52.4166 
52 58.4628 
53 53.9063 
54 61.1162 
55 52.0021 
56 50.0944 
57 58.2543 
58 53.5134 
59 59.4715 
0 24.3698 
1 27.8755 
2 30.794 
3 36.7516 
4 30.1614 
5 34.2076 
6 30.7986 
7 37.802 
8 33.6575 
9 37.9637 
10 34.2014 
11 31.489 
12 33.0737 
13 29.0628 
14 39.3386 
15 40.3215 
16 34.6842 
17 38.0191 
18 41.299 
19 41.7387 
20 31.535 
21 38.8591 
22 35.8947 
23 35.9258 
24 42.1618 
25 33.023 
26 34.1796 
27 33.8405 
28 39.7122 
29 40.8846 
30 41.2693 
31 44.0432 
32 41.0983 
33 46.3791 
34 43.4581 
35 46.6678 
36 42.1843 
37 42.5297 
38 41.6119 
39 45.1653 
40 44.5637 
41 42.871 
42 42.4655 
43 39.7585 
44 40.43 
45 50.1219 
46 45.8121 
47 49.3347 
48 44.6657 
49 51.6751 
50 47.5062 
51 49.7913 
52 52.6863 
53 45.2849 
54 48.1314 
55 51.8167 
56 49.2607 
57 44.194 
58 51.1619 
59 53.7576 
0 32.1313 
1 31.7108 
2 35.7934 
3 27.4192 
4 27.6166 
5 33.0543 
6 36.0639 
7 36.9642 
8 29.0582 
9 30.3856 
10 38.7646 
11 32.3132 
12 32.5084 
13 38.5142 
14 32.6819 
15 37.7119 
16 35.5316 
17 40.359 
18 39.9454 
19 44.0302 
20 44.16 
21 39.7779 
22 37.2605 
23 42.0012 
24 40.8648 
25 38.8355 
26 43.6566 
27 37.2466 
28 43.2638 
29 43.6746 
30 38.1951 
31 45.9606 
32 40.3611 
33 40.7058 
34 50.9592 
35 52.071 
36 44.3501 
37 47.2705 
38 42.643 
39 45.0867 
40 44.7594 
41 46.1389 
42 48.4207 
43 47.2484 
44 54.8486 
45 52.3914 
46 57.0172 
47 56.6627 
48 49.071 
49 49.841 
50 52.5337 
51 55.6982 
52 53.699 
53 57.5873 
54 50.9336 
55 59.4544 
56 57.0699 
57 51.8196 
58 53.3589 
59 52.7609 
0 35.3004 
1 32.6963 
2 26.872 
3 36.7859 
4 29.2162 
5 33.5323 
6 38.1741 
7 34.5968 
8 27.9764 
9 33.2321 
10 31.1204 
11 37.3244 
12 39.475 
13 40.4809 
14 32.9652 
15 37.9257 
16 35.1615 
17 43.2849 
18 41.7152 
19 41.9863 
20 41.577 
21 42.7111 
22 34.7162 
23 37.4503 
24 40.1352 
25 36.1661 
26 44.3839 
27 39.6744 
28 38.0268 
29 40.8414 
30 41.2418 
31 40.7139 
32 41.3721 
33 49.4019 
34 44.2929 
35 46.7141 
36 40.8134 
37 44.6404 
38 42.4611 
39 44.3513 
40 53.529 
41 49.4089 
42 50.8622 
43 44.1022 
44 55.0994 
45 49.7588 
46 54.1002 
47 53.3115 
48 49.7717 
49 56.3847 
50 52.0572 
51 54.6418 
52 52.3832 
53 58.0834 
54 56.6337 
55 59.4725 
56 50.0009 
57 60.1209 
58 50.3453 
59 59.1334 
0 30.2515 
1 28.6556 
2 36.289 
3 26.3907 
4 35.7298 
5 35.9366 
6 36.1815 
7 27.9742 
8 28.5137 
9 33.1142 
10 29.3176 
11 32.0442 
12 32.9692 
13 28.5075 
14 29.2677 
15 32.7244 
16 28.3996 
17 36.7392 
18 32.2871 
19 35.1907 
20 35.4984 
21 37.4741 
22 40.326 
23 36.2792 
24 37.6541 
25 32.5134 
26 41.6646 
27 35.9484 
28 38.3093 
29 43.6869 
30 36.7905 
31 33.3523 
32 44.1691 
33 44.3983 
34 34.6876 
35 39.4783 
36 34.8033 
37 40.2907 
38 34.9513 
39 36.0383 
40 45.3628 
41 39.1979 
42 41.2338 
43 44.9372 
44 37.8962 
45 41.6066 
46 37.2036 
47 45.4698 
48 36.9451 
49 44.4959 
50 42.7153 
51 47.9713 
52 48.4778 
53 45.3876 
54 49.0176 
55 49.043 
56 45.3036 
57 39.4619 
58 46.9561 
59 44.7084 
0 28.4257 
1 26.9938 
2 26.9668 
3 30.847 
4 35.515 
5 34.0646 
6 33.1163 
7 27.1808 
8 37.2714 
9 36.2559 
10 29.6748 
11 36.6051 
12 35.1412 
13 39.0806 
14 36.7262 
15 39.4162 
16 32.78 
17 35.5054 
18 33.4954 
19 37.0514 
20 34.0591 
21 31.4759 
22 39.7085 
23 32.1267 
24 32.2649 
25 37.7158 
26 33.4 
27 41.8694 
28 43.5012 
29 37.201 
30 37.9621 
31 37.0262 
32 38.7755 
33 39.9923 
34 43.3845 
35 41.2662 
36 44.3841 
37 42.2948 
38 46.3428 
39 42.4979 
40 36.4419 
41 37.5313 
42 42.5587 
43 47.3838 
44 43.5715 
45 40.6887 
46 39.4836 
47 38.767 
48 47.4946 
49 45.1023 
50 43.0655 
51 46.9664 
52 47.4131 
53 41.3982 
54 50.551 
55 46.5232 
56 46.3846 
57 41.8187 
58 51.2098 
59 45.7781 
0 29.7404 
1 25.5891 
2 27.592 
3 26.8033 
4 26.792 
5 37.2971 
6 31.5954 
7 35.2787 
8 35.9409 
9 31.3922 
10 34.2783 
11 36.0939 
12 35.631 
13 40.2588 
14 41.3602 
15 34.3746 
16 33.8735 
17 35.8735 
18 34.5659 
19 37.0087 
20 39.5055 
21 41.5999 
22 40.8516 
23 38.9976 
24 38.4571 
25 36.4361 
26 42.1236 
27 43.1119 
28 38.5681 
29 38.6533 
30 44.7001 
31 45.5389 
32 47.9692 
33 39.8013 
34 44.165 
35 46.5594 
36 38.5372 
37 43.6417 
38 48.4366 
39 43.0117 
40 48.2249 
41 49.4614 
42 51.1301 
43 49.5438 
44 52.6234 
45 41.7961 
46 45.8359 
47 45.2485 
48 48.3497 
49 54.633 
50 45.5936 
51 49.1116 
52 50.8138 
53 47.2456 
54 53.7837 
55 52.4052 
56 51.8714 
57 56.8128 
58 46.9879 
59 47.5532 
0 28.1599 
1 24.2887 
2 25.8051 
3 34.9801 
4 25.1347 
5 26.7568 
6 27.3727 
7 36.4123 
8 36.1388 
9 27.7068 
10 32.488 
11 29.0913 
12 35.0191 
13 37.6617 
14 38.9191 
15 33.9834 
16 30.377 
17 38.9289 
18 33.2863 
19 31.8917 
20 35.2023 
21 36.0958 
22 33.6072 
23 35.8679 
24 31.6366 
25 36.8904 
26 39.9256 
27 42.284 
28 35.0377 
29 35.9753 
30 36.2941 
31 32.4061 
32 42.6208 
33 32.1441 
34 36.9628 
35 33.879 
36 43.0449 
37 43.1852 
38 43.2838 
39 40.9377 
40 40.6858 
41 40.5853 
42 36.5493 
43 43.4101 
44 42.3284 
45 45.0991 
46 41.7388 
47 35.5322 
48 44.2607 
49 40.6304 
50 38.4283 
51 38.0402 
52 39.6954 
53 43.7154 
54 42.6318 
55 40.6647 
56 48.4025 
57 46.2154 
58 39.5707 
59 42.8827 
0 33.7317 
1 28.6552 
2 25.6557 
3 31.9649 
4 28.9012 
5 31.4115 
6 33.6236 
7 32.7951 
8 37.216 
9 36.4011 
10 35.1056 
11 37.7723 
12 38.7843 
13 32.8908 
14 38.8768 
15 36.7014 
16 33.8543 
17 32.9285 
18 36.6025 
19 37.3403 
20 32.8377 
21 42.6065 
22 36.4027 
23 38.4143 
24 36.4863 
25 38.8038 
26 43.8872 
27 39.8808 
28 36.6834 
29 40.5205 
30 36.1627 
31 38.1798 
32 38.2165 
33 45.0537 
34 40.4969 
35 44.4415 
36 47.7718 
37 38.4642 
38 38.2428 
39 49.3243 
40 42.5451 
41 43.1051 
42 46.3689 
43 44.6547 
44 45.2055 
45 50.6693 
46 49.0697 
47 49.6051 
48 40.852 
49 44.1984 
50 47.5691 
51 47.0216 
52 43.1834 
53 53.764 
54 44.9842 
55 54.3964 
56 45.5357 
57 52.1732 
58 53.873 
59 54.6019 
0 35.4319 
1 30.6099 
2 26.0883 
3 25.674 
4 29.1478 
5 35.0537 
6 31.8181 
7 36.4696 
8 30.9723 
9 30.3527 
10 34.8603 
11 39.2753 
12 39.1151 
13 40.4708 
14 33.8821 
15 36.9924 
16 42.1518 
17 41.663 
18 39.5367 
19 41.0283 
20 38.2065 
21 44.8035 
22 45.5761 
23 45.1501 
24 42.6915 
25 43.5896 
26 41.3492 
27 43.6428 
28 47.3762 
29 48.5968 
30 43.5016 
31 39.9949 
32 43.9638 
33 48.1265 
34 46.4773 
35 46.4871 
36 50.8937 
37 43.6249 
38 50.1272 
39 44.9824 
40 51.9837 
41 48.744 
42 51.9964 
43 53.6838 
44 50.3512 
45 55.4301 
46 54.3016 
47 53.5631 
48 49.9712 
49 48.6374 
50 57.3912 
51 51.5953 
52 60.0089 
53 61.0191 
54 53.6074 
55 58.5608 
56 54.6142 
57 60.3993 
58 53.511 
59 53.9953 
0 29.6489 
1 33.096 
2 35.7914 
3 36.134 
4 35.4777 
5 31.3674 
6 28.5086 
7 26.3133 
8 29.4857 
9 28.9099 
10 31.5858 
11 33.4674 
12 31.8387 
13 31.5545 
14 39.1221 
15 34.5039 
16 35.65 
17 29.7436 
18 32.0648 
19 31.2191 
20 39.18 
21 35.8005 
22 30.3469 
23 39.7763 
24 36.7882 
25 40.3763 
26 38.5427 
27 38.6562 
28 38.2074 
29 40.3655 
30 41.8373 
31 42.4142 
32 35.2894 
33 43.908 
34 34.6427 
35 41.4042 
36 45.9559 
37 36.3065 
38 46.134 
39 34.9716 
40 46.2074 
41 41.103 
42 36.7349 
43 42.6702 
44 40.2554 
45 43.5537 
46 38.9576 
47 44.2462 
48 43.5323 
49 43.1027 
50 43.5932 
51 45.8035 
52 48.1441 
53 50.2292 
54 40.7608 
55 42.3952 
56 46.3509 
57 41.5778 
58 41.707 
59 50.3943 
0 32.709 
1 28.745 
2 35.3284 
3 27.4425 
4 36.0992 
5 37.8613 
6 33.6601 
7 27.1943 
8 39.3149 
9 34.1156 
10 32.8904 
11 33.9001 
12 38.2144 
13 37.6729 
14 39.5599 
15 37.4166 
16 40.8161 
17 37.5745 
18 41.2362 
19 36.4806 
20 40.2425 
21 44.3288 
22 42.7833 
23 33.6838 
24 43.343 
25 35.6312 
26 38.1692 
27 43.3472 
28 36.5395 
29 42.2801 
30 43.0206 
31 37.4662 
32 41.1937 
33 37.7288 
34 42.4114 
35 49.7104 
36 43.7782 
37 46.7966 
38 51.2915 
39 49.7821 
40 49.4091 
41 52.754 
42 45.7759 
43 48.7781 
44 44.0272 
45 46.1036 
46 46.9359 
47 47.8623 
48 53.6182 
49 46.967 
50 55.1426 
51 50.229 
52 49.6607 
53 47.3067 
54 56.4414 
55 49.4964 
56 57.6536 
57 53.8531 
58 51.7051 
59 58.0728 
0 33.0997 
1 34.4534 
2 34.5409 
3 28.9516 
4 28.2286 
5 26.7665 
6 29.7734 
7 37.5556 
8 34.019 
9 39.1789 
10 34.4515 
11 33.0815 
12 33.6427 
13 36.704 
14 30.9086 
15 33.3063 
16 37.3242 
17 32.6466 
18 33.8072 
19 41.0878 
20 34.3329 
21 35.5845 
22 46.1385 
23 39.4905 
24 45.2126 
25 44.5994 
26 38.937 
27 48.1308 
28 38.4727 
29 41.9919 
30 46.8334 
31 48.5984 
32 47.5435 
33 47.0321 
34 44.4088 
35 50.0604 
36 47.6556 
37 47.6186 
38 44.425 
39 42.7411 
40 48.7739 
41 53.886 
42 46.801 
43 50.2295 
44 48.4831 
45 54.5412 
46 50.7807 
47 52.3561 
48 48.2603 
49 47.7694 
50 47.9476 
51 49.7673 
52 53.7859 
53 59.8488 
54 52.1168 
55 53.9743 
56 58.1713 
57 58.5956 
58 59.6823 
59 57.4005 
0 31.2383 
1 27.9815 
2 27.3265 
3 34.0107 
4 28.4496 
5 33.1527 
6 29.8152 
7 32.0028 
8 32.7252 
9 30.3241 
10 30.6407 
11 34.1364 
12 32.0059 
13 29.5904 
14 35.6453 
15 40.8474 
16 37.2825 
17 39.3034 
18 34.1874 
19 34.8056 
20 37.7306 
21 33.7034 
22 43.5982 
23 41.5801 
24 42.8284 
25 44.6675 
26 46.0205 
27 43.8664 
28 46.3765 
29 42.5259 
30 40.6205 
31 42.9496 
32 42.1524 
33 47.0347 
34 43.0839 
35 49.6873 
36 46.4486 
37 49.2271 
38 50.8227 
39 45.9976 
40 52.6704 
41 52.8663 
42 46.4665 
43 48.0867 
44 53.7328 
45 44.8517 
46 46.031 
47 47.6777 
48 45.401 
49 46.873 
50 47.7445 
51 46.7068 
52 50.0508 
53 57.6604 
54 56.3863 
55 58.0125 
56 49.9253 
57 50.1608 
58 51.1472 
59 58.8556 
0 27.468 
1 29.3275 
2 34.457 
3 37.3704 
4 26.9016 
5 36.2244 
6 35.8864 
7 33.6723 
8 39.5308 
9 31.5348 
10 29.0574 
11 36.7721 
12 33.431 
13 30.2875 
14 36.6458 
15 34.0652 
16 42.5886 
17 32.246 
18 36.972 
19 43.4529 
20 40.4034 
21 41.914 
22 43.8608 
23 43.7245 
24 35.7325 
25 46.6414 
26 47.4899 
27 45.2218 
28 48.9059 
29 41.9418 
30 42.2175 
31 43.9613 
32 40.2952 
33 42.7345 
34 48.5096 
35 41.5804 
36 50.515 
37 49.2968 
38 42.1087 
39 42.7501 
40 47.2514 
41 51.0317 
42 46.5141 
43 55.9922 
44 50.6571 
45 48.8741 
46 49.2232 
47 57.6687 
48 56.373 
49 47.0701 
50 57.9716 
51 53.3908 
52 51.3581 
53 55.325 
54 53.686 
55 52.2059 
56 50.7064 
57 52.0522 
58 60.1198 
59 51.7195 
0 29.4393 
1 34.0155 
2 25.0317 
3 33.528 
4 24.9871 
5 27.837 
6 36.5466 
7 36.6776 
8 33.3098 
9 26.5404 
10 27.5141 
11 36.8271 
12 34.3582 
13 28.5865 
14 37.1974 
15 34.8548 
16 36.4987 
17 30.0073 
18 32.1477 
19 32.5218 
20 35.3956 
21 34.9593 
22 32.4768 
23 34.2004 
24 34.3909 
25 38.1912 
26 33.5906 
27 36.4974 
28 41.0361 
29 30.9456 
30 38.125 
31 36.237 
32 32.6198 
33 39.6909 
34 37.5136 
35 33.1047 
36 33.969 
37 44.6429 
38 41.3404 
39 33.3518 
40 35.645 
41 40.1639 
42 42.033 
43 42.8966 
44 40.2011 
45 35.8719 
46 37.1145 
47 44.1907 
48 36.8345 
49 43.9474 
50 44.713 
51 41.4491 
52 47.6899 
53 44.0029 
54 42.0026 
55 48.2771 
56 46.1509 
57 43.1998 
58 39.0435 
59 42.138 
0 28.0805 
1 35.0183 
2 34.4413 
3 33.2845 
4 36.9856 
5 35.0186 
6 28.7189 
7 35.1502 
8 28.5626 
9 32.7264 
10 32.1369 
11 39.2832 
12 31.4445 
13 29.8179 
14 35.6533 
15 30.7001 
16 42.4316 
17 41.9618 
18 40.2365 
19 37.0526 
20 37.3044 
21 43.8184 
22 36.8555 
23 33.7351 
24 34.3978 
25 44.5495 
26 40.1718 
27 36.8417 
28 39.8436 
29 37.0005 
30 43.9442 
31 45.9223 
32 46.3246 
33 39.0381 
34 48.9408 
35 45.9883 
36 46.6158 
37 42.4033 
38 43.398 
39 43.5712 
40 41.2212 
41 51.4633 
42 50.7177 
43 45.4616 
44 49.5178 
45 51.2913 
46 52.2556 
47 51.1949 
48 55.5835 
49 51.3519 
50 56.3103 
51 52.1437 
52 54.5438 
53 56.2597 
54 48.9725 
55 48.1149 
56 58.4278 
57 49.7246 
58 49.8126 
59 50.2502 
0 34.3446 
1 30.8316 
2 31.7282 
3 33.2087 
4 28.9381 
5 37.8676 
6 31.4129 
7 34.4926 
8 34.8031 
9 37.4833 
10 28.704 
11 37.5792 
12 36.73 
13 40.365 
14 42.2197 
15 33.1297 
16 37.5013 
17 35.6559 
18 33.8402 
19 40.725 
20 40.0958 
21 39.8317 
22 40.35 
23 34.3198 
24 44.2052 
25 42.4706 
26 36.8043 
27 46.8042 
28 46.9128 
29 47.8417 
30 41.8952 
31 41.9192 
32 43.392 
33 44.2236 
34 43.0351 
35 50.2648 
36 41.5461 
37 51.7451 
38 46.8709 
39 49.3458 
40 50.3445 
41 44.561 
42 49.5355 
43 48.2993 
44 43.7445 
45 54.5763 
46 51.8638 
47 49.7764 
48 52.4852 
49 47.9833 
50 58.2694 
51 48.7905 
52 48.7111 
53 50.2804 
54 52.1461 
55 53.8708 
56 52.4796 
57 50.8666 
58 54.961 
59 61.707 
0 28.0361 
1 28.2934 
2 30.4948 
3 28.3946 
4 36.8872 
5 37.7666 
6 33.5699 
7 30.6985 
8 33.6189 
9 37.548 
10 32.7712 
11 31.0345 
12 29.2692 
13 36.3417 
14 38.9863 
15 36.1579 
16 35.7256 
17 40.3936 
18 34.0946 
19 32.3979 
20 39.3889 
21 43.7628 
22 37.7561 
23 33.4727 
24 39.7216 
25 40.5221 
26 36.2185 
27 36.86 
28 37.2476 
29 44.2188 
30 45.7702 
31 45.5245 
32 42.0663 
33 45.7828 
34 47.9846 
35 41.0704 
36 47.608 
37 39.6161 
38 45.3248 
39 41.0513 
40 40.7009 
41 49.0481 
42 46.4484 
43 42.2738 
44 52.8364 
45 52.2561 
46 49.2826 
47 55.0288 
48 46.9417 
49 52.7052 
50 47.8104 
51 54.1507 
52 53.6787 
53 50.8037 
54 46.405 
55 51.839 
56 50.7424 
57 52.5322 
58 47.4843 
59 57.9786 
0 27.5606 
1 31.8836 
2 36.1555 
3 35.1986 
4 28.7735 
5 33.618 
6 33.3357 
7 30.85 
8 38.77 
9 30.62 
10 29.8724 
11 31.2151 
12 31.1634 
13 40.0553 
14 33.8983 
15 31.5504 
16 39.4361 
17 42.096 
18 37.5231 
19 35.0382 
20 37.2912 
21 39.5394 
22 38.0233 
23 38.8558 
24 36.093 
25 43.7514 
26 39.4066 
27 43.0201 
28 41.79 
29 48.9718 
30 40.7436 
31 50.7942 
32 49.1814 
33 51.0195 
34 47.7454 
35 47.4958 
36 52.8485 
37 52.1046 
38 53.8093 
39 46.8279 
40 48.046 
41 47.6176 
42 51.0787 
43 47.1712 
44 49.0151 
45 56.9343 
46 53.8417 
47 47.1264 
48 49.8759 
49 49.7104 
50 50.41 
51 59.0133 
52 51.82 
53 58.3331 
54 58.3401 
55 53.0123 
56 57.708 
57 51.2417 
58 54.7396 
59 59.4515 
0 33.2679 
1 35.6759 
2 31.9187 
3 36.8708 
4 25.7097 
5 30.7051 
6 30.0347 
7 31.0635 
8 34.369 
9 28.0166 
10 37.3368 
11 32.7019 
12 39.3954 
13 30.1284 
14 30.8608 
15 30.5653 
16 32.0109 
17 40.279 
18 40.0966 
19 41.1749 
20 38.7573 
21 33.3006 
22 43.3501 
23 42.1663 
24 46.124 
25 44.8672 
26 38.4234 
27 44.5344 
28 38.004 
29 42.5775 
30 45.8165 
31 42.4144 
32 39.5671 
33 42.5135 
34 49.3465 
35 42.3166 
36 43.085 
37 50.4989 
38 41.5118 
39 42.8479 
40 46.2103 
41 51.0431 
42 46.135 
43 46.5097 
44 54.1818 
45 44.3463 
46 44.9469 
47 46.7979 
48 47.8336 
49 53.5286 
50 53.6708 
51 48.1337 
52 57.6695 
53 54.3242 
54 57.6834 
55 49.8125 
56 57.0884 
57 50.2307 
58 52.7945 
59 51.5064 
0 27.0362 
1 31.8087 
2 33.7103 
3 31.5795 
4 31.8397 
5 28.5 
6 29.6826 
7 34.84 
8 27.4564 
9 35.8762 
10 37.0827 
11 39.2002 
12 29.8161 
13 29.3745 
14 29.8381 
15 31.0861 
16 36.1436 
17 33.4946 
18 36.3367 
19 34.8118 
20 36.1365 
21 41.6405 
22 38.465 
23 43.9474 
24 32.8479 
25 39.2058 
26 42.2322 
27 39.5784 
28 43.5699 
29 38.5293 
30 40.5917 
31 43.1789 
32 44.991 
33 40.3601 
34 40.3059 
35 37.5226 
36 37.49 
37 47.0467 
38 41.9242 
39 40.2884 
40 48.4371 
41 42.1013 
42 48.4543 
43 43.4423 
44 44.8052 
45 49.3108 
46 51.9711 
47 42.8951 
48 44.2521 
49 41.6542 
50 49.6671 
51 52.0086 
52 46.0154 
53 53.8575 
54 50.6243 
55 46.6934 
56 46.7181 
57 52.2497 
58 52.6182 
59 48.5283 
0 26.2911 
1 24.6488 
2 31.1276 
3 32.9299 
4 34.4722 
5 29.5774 
6 35.3982 
7 29.3368 
8 38.764 
9 36.5588 
10 29.6411 
11 33.2196 
12 34.6822 
13 31.39 
14 37.1512 
15 38.6461 
16 34.6698 
17 34.9155 
18 31.4544 
19 34.9168 
20 34.3557 
21 31.2761 
22 32.7284 
23 37.6711 
24 41.0701 
25 34.2816 
26 42.5605 
27 39.453 
28 43.1579 
29 42.5923 
30 35.5034 
31 42.5547 
32 45.3092 
33 37.5123 
34 39.4013 
35 42.1568 
36 36.4175 
37 38.8077 
38 41.6367 
39 38.3518 
40 39.2452 
41 47.4581 
42 42.0507 
43 41.3258 
44 48.2452 
45 47.1835 
46 49.8631 
47 52.0311 
48 40.9193 
49 50.0902 
50 44.5092 
51 42.785 
52 49.555 
53 45.4105 
54 46.6866 
55 52.493 
56 45.5301 
57 53.2799 
58 54.7975 
59 47.9018 
0 25.2996 
1 32.4257 
2 29.9739 
3 29.5859 
4 28.4874 
5 32.0918 
6 29.0345 
7 38.3077 
8 37.6201 
9 33.6896 
10 31.0616 
11 36.2899 
12 35.2317 
13 35.992 
14 38.1661 
15 39.9547 
16 42.1681 
17 36.8671 
18 37.973 
19 40.4651 
20 36.3194 
21 37.9261 
22 45.3243 
23 36.5428 
24 42.1875 
25 42.0522 
26 45.0213 
27 39.2907 
28 39.6985 
29 39.6693 
30 40.5306 
31 47.9016 
32 44.6063 
33 45.8029 
34 46.597 
35 49.2647 
36 44.9915 
37 51.4235 
38 50.1946 
39 52.3805 
40 49.9335 
41 47.3933 
42 54.5131 
43 54.1729 
44 55.202 
45 56.7052 
46 49.9225 
47 55.8992 
48 49.6717 
49 56.5697 
50 50.6723 
51 50.8216 
52 59.8385 
53 50.9372 
54 53.3071 
55 54.2011 
56 55.3187 
57 54.6774 
58 55.5511 
59 60.1798 
0 27.5819 
1 33.866 
2 26.721 
3 32.5494 
4 35.3615 
5 29.4984 
6 37.4284 
7 32.3332 
8 30.3468 
9 27.781 
10 33.4515 
11 29.0639 
12 40.8149 
13 40.7373 
14 31.0856 
15 39.3608 
16 30.9691 
17 31.2973 
18 39.4576 
19 35.2628 
20 32.2871 
21 44.1897 
22 42.3635 
23 42.33 
24 43.2557 
25 44.9701 
26 37.4803 
27 41.5692 
28 36.3006 
29 39.116 
30 41.5657 
31 45.5815 
32 43.7046 
33 38.3864 
34 48.4897 
35 39.4586 
36 47.6387 
37 49.2959 
38 41.2541 
39 48.5147 
40 43.1884 
41 47.9795 
42 44.8301 
43 47.4542 
44 47.6326 
45 44.1094 
46 44.2159 
47 45.2613 
48 51.8392 
49 53.7388 
50 55.371 
51 48.3743 
52 48.0136 
53 47.6338 
54 53.098 
55 55.9406 
56 57.4766 
57 55.9665 
58 55.5617 
59 54.4343 
0 25.9048 
1 32.5737 
2 32.12 
3 28.5292 
4 26.0055 
5 26.1566 
6 34.0539 
7 27.642 
8 37.1081 
9 32.7321 
10 38.3824 
11 31.2005 
12 37.9664 
13 31.0614 
14 32.8455 
15 33.17 
16 36.7454 
17 32.4716 
18 38.4409 
19 40.271 
20 38.7913 
21 34.6562 
22 38.9426 
23 32.2304 
24 41.0263 
25 39.992 
26 41.7743 
27 33.366 
28 41.3157 
29 40.9748 
30 32.9557 
31 44.683 
32 45.1334 
33 37.83 
34 40.0901 
35 36.9142 
36 45.8312 
37 39.036 
38 42.0486 
39 42.4791 
40 45.0785 
41 37.6194 
42 47.6069 
43 41.3996 
44 41.6385 
45 46.32 
46 45.6012 
47 40.1456 
48 43.0164 
49 40.0902 
50 40.5583 
51 50.4796 
52 40.1837 
53 45.4554 
54 44.8229 
55 42.3763 
56 48.0405 
57 44.7052 
58 48.6185 
59 47.3797 
0 24.9629 
1 25.8042 
2 35.4317 
3 30.5089 
4 30.8281 
5 31.3033 
6 28.9987 
7 26.2957 
8 37.861 
9 30.8825 
10 32.9114 
11 33.2148 
12 29.7634 
13 31.9595 
14 35.0306 
15 39.2985 
16 37.1798 
17 36.5934 
18 29.9821 
19 40.2048 
20 32.248 
21 40.454 
22 35.7918 
23 32.9316 
24 33.1925 
25 39.4272 
26 39.4743 
27 42.1764 
28 38.7841 
29 41.2251 
30 35.9001 
31 35.3182 
32 32.2017 
33 37.2572 
34 41.4936 
35 33.2426 
36 35.1166 
37 40.4223 
38 42.524 
39 44.3638 
40 42.4143 
41 35.7788 
42 36.2996 
43 44.8221 
44 46.9924 
45 46.0238 
46 40.8002 
47 41.3438 
48 45.2243 
49 38.4021 
50 38.5252 
51 42.6518 
52 39.9947 
53 43.4411 
54 42.9535 
55 48.1042 
56 40.1929 
57 43.6691 
58 48.8327 
59 47.918 
0 35.5395 
1 27.5611 
2 32.5073 
3 28.732 
4 35.724 
5 36.8882 
6 35.2689 
7 33.6335 
8 36.0194 
9 29.6744 
10 29.8632 
11 38.2411 
12 32.2402 
13 34.8854 
14 30.5725 
15 39.1028 
16 42.9036 
17 38.6686 
18 44.1091 
19 42.4101 
20 36.6335 
21 35.1813 
22 44.9748 
23 43.1583 
24 38.2964 
25 46.6101 
26 43.2542 
27 39.8671 
28 44.2316 
29 42.0629 
30 46.6713 
31 41.6137 
32 44.7675 
33 39.9843 
34 49.6518 
35 42.1904 
36 49.1119 
37 47.0229 
38 43.7471 
39 50.4967 
40 49.8179 
41 45.8069 
42 49.7979 
43 55.7195 
44 50.5418 
45 45.5382 
46 45.8685 
47 52.5094 
48 46.161 
49 46.8765 
50 56.0487 
51 52.8345 
52 54.9043 
53 55.3554 
54 57.5636 
55 53.2945 
56 55.4608 
57 54.9601 
58 55.5257 
59 53.0383 
0 35.9394 
1 26.7841 
2 26.7745 
3 35.1025 
4 36.9021 
5 34.5345 
6 32.8467 
7 37.0652 
8 34.1574 
9 37.8901 
10 38.8642 
11 29.6483 
12 31.4035 
13 31.3325 
14 38.6378 
15 33.4683 
16 38.8535 
17 38.7759 
18 43.4413 
19 36.4038 
20 33.7956 
21 34.848 
22 42.9101 
23 34.183 
24 44.8892 
25 36.4434 
26 44.7439 
27 39.1301 
28 43.2065 
29 40.0347 
30 47.6874 
31 48.414 
32 38.9848 
33 39.7573 
34 48.9388 
35 41.3721 
36 43.0314 
37 42.418 
38 48.7664 
39 45.386 
40 51.0928 
41 49.7167 
42 45.1782 
43 51.0892 
44 47.043 
45 44.1584 
46 53.6259 
47 45.0123 
48 50.8502 
49 57.2459 
50 48.3275 
51 48.7387 
52 50.7425 
53 55.6025 
54 52.7083 
55 59.6582 
56 50.0927 
57 60.5389 
58 58.9638 
59 59.1454 
0 29.6857 
1 25.7525 
2 28.7642 
3 35.7117 
4 26.979 
5 34.0573 
6 35.4286 
7 36.5014 
8 32.1856 
9 33.9575 
10 38.2269 
11 37.2348 
12 32.2903 
13 29.2495 
14 29.2298 
15 33.2686 
16 36.2711 
17 37.9417 
18 42.1983 
19 39.001 
20 32.9255 
21 39.7805 
22 40.7637 
23 39.7826 
24 34.3626 
25 39.8093 
26 36.1034 
27 37.4817 
28 43.0897 
29 36.2459 
30 46.4239 
31 41.1753 
32 39.3342 
33 35.9559 
34 46.0344 
35 40.9368 
36 43.1277 
37 38.1726 
38 45.772 
39 44.8258 
40 46.9587 
41 45.5035 
42 43.4366 
43 48.5899 
44 41.9944 
45 46.9461 
46 46.1673 
47 42.2389 
48 41.9692 
49 43.9809 
50 47.8115 
51 43.3448 
52 50.9783 
53 52.4374 
54 54.9188 
55 44.6265 
56 47.7439 
57 54.9316 
58 56.4484 
59 46.1682 
0 31.3418 
1 33.0911 
2 26.029 
3 29.4065 
4 28.7909 
5 32.1861 
6 29.9918 
7 29.4901 
8 32.3117 
9 38.2447 
10 37.1723 
11 33.7049 
12 36.6105 
13 31.4095 
14 39.8866 
15 32.2281 
16 31.3955 
17 35.4862 
18 42.0714 
19 33.869 
20 42.7024 
21 37.5916 
22 37.1149 
23 43.8249 
24 44.698 
25 43.6686 
26 35.3524 
27 36.856 
28 41.6624 
29 44.6191 
30 46.8326 
31 40.5648 
32 48.2785 
33 46.859 
34 39.2931 
35 40.3689 
36 39.2976 
37 38.3129 
38 41.6813 
39 49.479 
40 41.934 
41 43.6437 
42 52.1649 
43 43.4355 
44 44.966 
45 43.4793 
46 53.3302 
47 42.3546 
48 54.3248 
49 43.7913 
50 46.2123 
51 52.4699 
52 53.3845 
53 46.1186 
54 44.8589 
55 53.8531 
56 53.3348 
57 48.3702 
58 51.368 
59 58.7586 
0 31.9602 
1 25.7506 
2 30.7712 
3 26.7175 
4 25.6023 
5 36.0902 
6 35.6161 
7 29.976 
8 29.4513 
9 33.2844 
10 35.3669 
11 38.0881 
12 36.8697 
13 28.9326 
14 38.2175 
15 35.8776 
16 35.0811 
17 37.7266 
18 40.9207 
19 36.9452 
20 37.8868 
21 40.9712 
22 37.4514 
23 35.1178 
24 34.268 
25 33.9839 
26 40.7591 
27 36.9617 
28 42.7715 
29 44.9389 
30 33.7534 
31 41.858 
32 34.4006 
33 42.8055 
34 36.4193 
35 46.7352 
36 46.2718 
37 43.1024 
38 36.7308 
39 38.2269 
40 44.202 
41 40.3242 
42 44.4635 
43 49.3417 
44 49.0072 
45 39.6666 
46 39.6413 
47 50.8915 
48 48.5847 
49 45.5287 
50 50.6493 
51 43.5572 
52 42.0975 
53 50.7904 
54 49.5213 
55 48.6349 
56 51.1868 
57 52.8154 
58 43.8219 
59 50.4877 
0 24.3217 
1 33.0434 
2 26.387 
3 32.605 
4 30.6259 
5 25.6265 
6 29.8207 
7 37.5495 
8 27.2731 
9 27.9082 
10 32.2644 
11 38.2297 
12 31.721 
13 29.6619 
14 40.2461 
15 33.3738 
16 34.959 
17 30.2166 
18 36.6064 
19 41.729 
20 36.8269 
21 36.2858 
22 36.65 
23 37.3854 
24 36.9861 
25 36.4116 
26 33.9599 
27 35.6302 
28 43.5881 
29 42.6446 
30 33.2811 
31 37.9087 
32 35.3365 
33 43.4145 
34 36.9935 
35 43.8325 
36 35.2567 
37 42.4375 
38 38.1842 
39 43.3817 
40 39.3385 
41 39.6461 
42 43.2657 
43 40.8055 
44 42.5956 
45 44.7639 
46 44.7883 
47 47.4322 
48 50.1073 
49 39.6678 
50 39.5953 
51 46.7721 
52 50.8566 
53 40.3297 
54 49.0613 
55 49.6054 
56 46.4916 
57 42.1157 
58 44.0376 
59 49.9189 
0 28.7841 
1 25.6765 
2 29.2405 
3 26.6022 
4 37.3494 
5 35.2877 
6 26.765 
7 36.7532 
8 39.4429 
9 35.1656 
10 31.5123 
11 34.3838 
12 41.4929 
13 34.0433 
14 35.5032 
15 42.9234 
16 40.9299 
17 35.0314 
18 37.1912 
19 37.6394 
20 37.6189 
21 38.915 
22 39.0903 
23 38.4908 
24 39.5857 
25 40.5193 
26 42.1382 
27 44.3181 
28 39.3392 
29 41.0778 
30 40.172 
31 38.8795 
32 39.3839 
33 45.3962 
34 47.9929 
35 40.5275 
36 43.0692 
37 42.6827 
38 46.066 
39 53.0173 
40 53.2598 
41 48.1299 
42 43.7914 
43 45.6655 
44 55.1494 
45 47.6925 
46 48.1281 
47 48.9755 
48 49.7611 
49 55.5097 
50 55.2771 
51 48.7326 
52 54.2903 
53 54.2188 
54 56.7697 
55 53.4752 
56 51.6139 
57 51.6706 
58 57.33 
59 54.4412 
0 32.366 
1 31.6288 
2 32.1317 
3 32.9739 
4 36.4377 
5 33.8299 
6 29.978 
7 34.2071 
8 30.8773 
9 31.3116 
10 31.9019 
11 37.28 
12 38.1222 
13 30.5393 
14 31.8152 
15 38.5818 
16 32.3473 
17 32.4474 
18 33.9234 
19 34.5508 
20 39.1919 
21 41.6081 
22 38.7608 
23 34.9897 
24 37.1506 
25 44.6784 
26 37.1451 
27 40.5861 
28 38.5475 
29 39.7364 
30 44.0172 
31 45.1852 
32 36.0974 
33 47.6768 
34 41.6792 
35 45.129 
36 48.5803 
37 42.8849 
38 44.8898 
39 44.0211 
40 47.8962 
41 47.2207 
42 49.039 
43 47.2607 
44 49.1569 
45 47.7646 
46 49.79 
47 46.7338 
48 49.8227 
49 42.528 
50 51.8427 
51 50.1816 
52 51.4025 
53 43.0433 
54 50.6438 
55 47.3214 
56 54.2903 
57 49.239 
58 49.0919 
59 51.4834 
0 32.4475 
1 35.3535 
2 27.1338 
3 33.0984 
4 36.3429 
5 29.6131 
6 31.7464 
7 32.1358 
8 30.0858 
9 38.2735 
10 31.172 
11 35.3471 
12 38.3254 
13 40.0857 
14 33.3459 
15 35.9474 
16 36.3706 
17 33.6872 
18 34.0182 
19 41.6147 
20 34.4467 
21 39.0309 
22 44.0532 
23 42.2308 
24 37.6025 
25 38.6732 
26 44.4589 
27 37.9971 
28 41.0815 
29 41.2954 
30 44.0038 
31 48.5821 
32 46.4939 
33 46.7284 
34 47.2683 
35 42.0147 
36 42.0039 
37 46.7228 
38 47.818 
39 52.9277 
40 52.2037 
41 45.2987 
42 46.8771 
43 43.8099 
44 44.4604 
45 52.4182 
46 55.7634 
47 55.6387 
48 50.0913 
49 46.8493 
50 46.3585 
51 57.145 
52 58.5384 
53 54.4914 
54 48.5379 
55 51.1196 
56 54.9242 
57 49.2409 
58 58.0073 
59 51.5771 
0 24.8314 
1 35.3207 
2 30.5598 
3 35.0209 
4 31.3689 
5 34.8789 
6 28.222 
7 30.446 
8 33.8693 
9 37.1538 
10 34.2594 
11 34.2694 
12 34.3202 
13 38.1863 
14 36.4906 
15 40.9002 
16 37.5142 
17 41.4894 
18 36.8867 
19 36.9827 
20 39.6697 
21 39.5416 
22 36.3939 
23 42.409 
24 39.2605 
25 36.9512 
26 39.1502 
27 45.0313 
28 41.8527 
29 43.4649 
30 38.8585 
31 49.0556 
32 48.7964 
33 43.2169 
34 40.349 
35 41.9502 
36 49.7004 
37 48.8911 
38 42.9907 
39 51.7229 
40 44.6368 
41 42.6267 
42 51.0188 
43 51.2693 
44 43.8083 
45 44.7036 
46 49.4735 
47 50.1026 
48 46.5557 
49 51.6759 
50 46.9124 
51 57.9724 
52 55.7373 
53 48.8883 
54 51.3991 
55 56.1264 
56 57.1598 
57 55.6344 
58 56.853 
59 57.8019 
0 31.5669 
1 35.213 
2 29.1733 
3 25.3707 
4 31.1327 
5 31.5935 
6 37.8736 
7 33.0938 
8 29.6342 
9 35.4663 
10 28.1204 
11 33.3485 
12 30.3369 
13 33.5632 
14 32.0843 
15 30.7322 
16 34.9871 
17 40.2038 
18 38.3768 
19 30.8851 
20 34.0266 
21 31.8949 
22 39.3369 
23 32.4948 
24 38.097 
25 34.8148 
26 40.8335 
27 35.494 
28 36.9015 
29 45.1702 
30 43.9814 
31 37.2477 
32 42.2271 
33 46.0318 
34 38.2581 
35 42.6797 
36 41.0243 
37 41.3018 
38 39.4822 
39 48.0986 
40 39.4149 
41 45.5221 
42 43.6837 
43 48.7366 
44 47.5949 
45 46.4417 
46 50.6511 
47 41.8011 
48 42.1036 
49 47.5171 
50 52.2549 
51 50.9825 
52 44.2142 
53 50.8325 
54 43.0698 
55 47.9534 
56 50.1009 
57 51.5143 
58 44.6568 
59 49.4978 
0 28.3009 
1 24.3384 
2 28.9174 
3 28.7941 
4 26.2872 
5 25.8074 
6 29.941 
7 26.2462 
8 34.0405 
9 37.2671 
10 30.8945 
11 32.3459 
12 33.0309 
13 28.3692 
14 37.7044 
15 37.9917 
16 30.5435 
17 31.2921 
18 38.4016 
19 35.9718 
20 39.1954 
21 41.259 
22 38.3452 
23 31.106 
24 35.9777 
25 38.6302 
26 43.5809 
27 37.534 
28 44.0964 
29 39.6928 
30 42.338 
31 33.4382 
32 41.6744 
33 41.1512 
34 40.703 
35 42.0472 
36 45.1459 
37 42.1958 
38 46.0451 
39 44.4776 
40 47.3329 
41 45.2579 
42 42.195 
43 37.6585 
44 37.7141 
45 38.8288 
46 42.4828 
47 39.161 
48 49.5987 
49 43.9513 
50 48.0416 
51 39.3147 
52 40.5564 
53 47.2616 
54 45.6188 
55 51.399 
56 44.1778 
57 46.5862 
58 52.7879 
59 43.6861 
0 25.8559 
1 25.9505 
2 30.6158 
3 35.7303 
4 26.2724 
5 36.4934 
6 34.3395 
7 29.7476 
8 30.3834 
9 34.9669 
10 36.9926 
11 30.8944 
12 36.3232 
13 33.8854 
14 34.4324 
15 41.6407 
16 36.4763 
17 38.6604 
18 32.6411 
19 43.5741 
20 33.3227 
21 37.6762 
22 36.8821 
23 43.4735 
24 41.1055 
25 34.8839 
26 45.6726 
27 44.7585 
28 46.6322 
29 36.5412 
30 37.9177 
31 39.4613 
32 40.8852 
33 42.1134 
34 43.83 
35 49.6678 
36 46.6172 
37 47.2302 
38 47.3134 
39 48.8387 
40 49.0419 
41 48.5456 
42 51.1028 
43 44.6638 
44 43.5935 
45 46.3658 
46 52.3344 
47 45.5532 
48 47.7031 
49 46.9251 
50 55.2726 
51 48.0253 
52 49.8928 
53 48.1392 
54 49.3732 
55 55.8923 
56 56.0081 
57 58.8477 
58 55.3376 
59 51.8991 
0 34.6615 
1 34.9492 
2 28.4088 
3 31.4279 
4 36.404 
5 34.2489 
6 38.0238 
7 31.8767 
8 39.1526 
9 33.4014 
10 38.3348 
11 32.6886 
12 29.0735 
13 40.4484 
14 39.4207 
15 39.4033 
16 32.6319 
17 33.2505 
18 38.2078 
19 35.0671 
20 40.8345 
21 43.8701 
22 37.5776 
23 44.7419 
24 39.8195 
25 44.2385 
26 35.8884 
27 36.0862 
28 39.8709 
29 41.1134 
30 38.4197 
31 42.9488 
32 37.0525 
33 48.2823 
34 39.9848 
35 38.5466 
36 40.2026 
37 43.1853 
38 42.2513 
39 41.4315 
40 49.3478 
41 45.2083 
42 42.9791 
43 53.0173 
44 46.0803 
45 49.7901 
46 48.6905 
47 45.1426 
48 50.4242 
49 51.8609 
50 47.9711 
51 53.6992 
52 52.0322 
53 49.1879 
54 57.0922 
55 55.3113 
56 50.7422 
57 54.5795 
58 54.8136 
59 56.1233 
0 31.095 
1 25.7183 
2 32.7918 
3 35.6996 
4 34.3013 
5 28.4737 
6 26.5191 
7 33.0348 
8 26.4679 
9 32.9994 
10 34.1489 
11 35.1787 
12 33.4969 
13 36.3077 
14 39.0352 
15 30.5257 
16 28.1664 
17 35.4412 
18 33.1814 
19 39.5194 
20 37.9871 
21 36.3101 
22 40.3647 
23 40.7772 
24 31.4136 
25 41.5934 
26 33.6149 
27 33.6411 
28 32.5186 
29 39.1265 
30 31.7088 
31 32.9728 
32 41.8446 
33 42.3056 
34 39.636 
35 38.6865 
36 45.0843 
37 35.4684 
38 45.4922 
39 40.5561 
40 36.2601 
41 44.2388 
42 39.5804 
43 40.6249 
44 36.2279 
45 39.4041 
46 39.5566 
47 45.4634 
48 45.2105 
49 38.7039 
50 39.2585 
51 46.7003 
52 42.5461 
53 42.9057 
54 45.5542 
55 38.3326 
56 44.5585 
57 50.2142 
58 48.654 
59 41.1103 
0 34.4492 
1 26.4997 
2 34.6377 
3 25.653 
4 32.8281 
5 30.8026 
6 29.2867 
7 27.8234 
8 31.9161 
9 30.9889 
10 32.1035 
11 36.4646 
12 31.8524 
13 37.4099 
14 33.8718 
15 31.7577 
16 35.9547 
17 34.0551 
18 34.6152 
19 31.3121 
20 40.638 
21 34.3641 
22 40.1079 
23 41.9697 
24 43.1254 
25 35.5346 
26 38.0108 
27 36.6408 
28 34.2333 
29 41.6674 
30 44.2537 
31 45.2864 
32 45.8013 
33 43.3145 
34 39.5465 
35 46.0647 
36 39.5513 
37 39.5448 
38 43.0698 
39 46.5856 
40 43.8715 
41 38.2204 
42 46.9668 
43 41.2845 
44 48.5526 
45 48.401 
46 46.649 
47 42.3342 
48 51.9334 
49 48.7063 
50 46.9668 
51 50.606 
52 47.2478 
53 53.846 
54 50.6377 
55 43.759 
56 53.8381 
57 46.5532 
58 53.3696 
59 52.5364 
0 32.9282 
1 31.5034 
2 32.8783 
3 28.5386 
4 28.2378 
5 34.1956 
6 29.07 
7 38.1844 
8 37.3773 
9 28.6012 
10 35.1193 
11 38.0678 
12 31.7928 
13 32.6312 
14 38.0998 
15 34.7982 
16 34.0113 
17 38.1462 
18 34.5159 
19 32.3592 
20 33.5472 
21 42.1328 
22 34.5395 
23 38.9473 
24 40.0813 
25 39.0803 
26 38.2585 
27 37.4565 
28 41.1526 
29 47.1276 
30 42.9667 
31 43.3178 
32 46.7392 
33 42.0113 
34 38.2627 
35 42.5012 
36 48.1238 
37 39.8544 
38 47.9821 
39 41.6964 
40 49.3588 
41 46.3903 
42 43.367 
43 47.5357 
44 46.8619 
45 53.499 
46 51.2274 
47 50.4512 
48 43.2548 
49 53.3438 
50 52.8694 
51 46.6271 
52 55.2094 
53 46.424 
54 45.6738 
55 53.3007 
56 57.0122 
57 49.9293 
58 55.6344 
59 54.6154 
0 34.1305 
1 34.9165 
2 35.4584 
3 30.5936 
4 33.2242 
5 36.7435 
6 36.0272 
7 27.5538 
8 34.8605 
9 31.425 
10 28.3791 
11 30.2044 
12 39.0836 
13 34.9599 
14 30.4466 
15 33.6361 
16 40.2965 
17 34.8586 
18 41.1845 
19 42.2147 
20 39.7685 
21 38.3655 
22 35.786 
23 37.2951 
24 41.7111 
25 37.601 
26 41.6813 
27 39.5348 
28 42.3265 
29 43.9161 
30 42.9883 
31 36.0432 
32 39.2812 
33 36.9139 
34 44.7117 
35 41.9882 
36 46.937 
37 40.5902 
38 44.3657 
39 42.8357 
40 48.5252 
41 51.7184 
42 49.7782 
43 50.7383 
44 51.0962 
45 44.9697 
46 47.1871 
47 45.3171 
48 54.0993 
49 44.6131 
50 46.355 
51 44.388 
52 49.2884 
53 54.0977 
54 46.6462 
55 50.8052 
56 55.3442 
57 49.9628 
58 50.787 
59 48.7811 
0 29.709377358490574 
1 29.915089622641524 
2 30.21725188679245 
3 31.99713018867926 
4 31.131757547169826 
5 32.117910377358484 
6 31.50390188679244 
7 32.09909716981132 
8 32.732673584905676 
9 32.90579811320757 
10 32.93990849056603 
11 33.701701886792456 
12 33.88309811320754 
13 33.9521141509434 
14 34.687696226415106 
15 34.62001886792454 
16 34.76495660377358 
17 35.55252169811319 
18 35.60604622641508 
19 36.202531132075464 
20 37.09571132075471 
21 38.45372641509434 
22 38.52102264150944 
23 38.95803301886792 
24 39.38823396226415 
25 40.64999811320753 
26 41.317878301886786 
27 40.55782924528304 
28 41.43585566037736 
29 42.06064245283019 
30 41.230647169811334 
31 42.3263433962264 
32 42.12445471698113 
33 42.362491509433944 
34 42.79661603773585 
35 43.28095377358489 
36 43.73676886792454 
37 43.81561037735852 
38 44.20425471698113 
39 44.1256320754717 
40 44.50362547169811 
41 45.023556603773606 
42 45.80221226415095 
43 45.46023301886793 
44 45.97468301886791 
45 46.841879245283025 
46 46.218752830188684 
47 46.56651792452832 
48 46.8689849056604 
49 47.754172641509406 
50 47.577786792452834 
51 47.89428113207548 
52 48.416783962264134 
53 49.04570377358491 
54 49.031476415094346 
55 49.66180094339622 
56 49.901416037735835 
57 49.53265660377359 
58 50.39670094339622 
59 50.22582358490565 
0 32.8897 
1 26.351 
2 31.588 
3 32.8865 
4 31.6725 
5 33.9989 
6 34.2384 
7 37.535 
8 34.2443 
9 39.9793 
10 35.7313 
11 31.422 
12 41.485 
13 36.958 
14 42.0701 
15 38.5162 
16 42.0614 
17 39.6686 
18 36.768 
19 43.1852 
20 43.5095 
21 41.3018 
22 34.9721 
23 45.9153 
24 44.9628 
25 36.6608 
26 45.5809 
27 46.1046 
28 48.1644 
29 38.7611 
30 40.9986 
31 50.0712 
32 40.9565 
33 45.6297 
34 40.192 
35 52.0132 
36 49.894 
37 52.4411 
38 43.7098 
39 49.9614 
40 51.7704 
41 53.7075 
42 46.6566 
43 44.4595 
44 45.2656 
45 46.4371 
46 48.7771 
47 45.9158 
48 48.4452 
49 51.1755 
50 59.0165 
51 50.3913 
52 58.5854 
53 53.5406 
54 49.8108 
55 57.9029 
56 52.9125 
57 51.632 
58 51.003 
59 56.9091 
0 35.7022 
1 33.598 
2 32.6245 
3 25.9157 
4 36.6984 
5 26.4159 
6 32.696 
7 34.5439 
8 29.3874 
9 36.5092 
10 37.3475 
11 36.5705 
12 32.8711 
13 28.0811 
14 35.2903 
15 30.8271 
16 29.4173 
17 39.835 
18 32.1149 
19 38.5497 
20 39.8368 
21 38.5563 
22 33.7897 
23 40.078 
24 38.1321 
25 38.2958 
26 39.58 
27 39.7118 
28 35.1943 
29 37.2892 
30 40.2604 
31 42.503 
32 41.6319 
33 40.7333 
34 35.5221 
35 45.6441 
36 34.9448 
37 34.4178 
38 42.3861 
39 44.8266 
40 38.217 
41 44.9621 
42 36.3221 
43 37.8975 
44 38.4535 
45 43.365 
46 37.5468 
47 38.2217 
48 44.2621 
49 44.2088 
50 43.5438 
51 43.9774 
52 47.1065 
53 48.9249 
54 44.3354 
55 47.9936 
56 41.4307 
57 41.0734 
58 50.187 
59 46.3896 
0 26.1416 
1 26.6056 
2 29.7337 
3 29.1871 
4 28.524 
5 32.1387 
6 27.4205 
7 33.4699 
8 28.0304 
9 36.1894 
10 37.6978 
11 30.073 
12 37.383 
13 35.6158 
14 31.1017 
15 37.5476 
16 35.9743 
17 41.2459 
18 37.8808 
19 35.6604 
20 35.4171 
21 39.1658 
22 43.0266 
23 41.1455 
24 40.2959 
25 37.7648 
26 45.1828 
27 40.78 
28 39.8738 
29 45.9937 
30 45.1658 
31 39.3584 
32 40.1499 
33 38.8574 
34 48.7053 
35 40.9454 
36 43.3898 
37 44.3939 
38 41.6612 
39 40.4922 
40 44.6977 
41 47.1674 
42 46.3953 
43 48.7574 
44 49.0084 
45 47.0924 
46 49.0936 
47 47.1188 
48 45.7066 
49 52.8474 
50 51.1066 
51 51.648 
52 52.5541 
53 47.863 
54 46.1427 
55 50.6722 
56 57.8287 
57 57.1102 
58 56.0517 
59 55.3586 
0 27.7978 
1 27.0803 
2 27.6254 
3 34.1524 
4 37.2533 
5 32.011 
6 32.855 
7 31.9664 
8 35.4147 
9 38.7029 
10 33.2754 
11 29.6206 
12 33.0645 
13 39.7505 
14 30.428 
15 30.373 
16 38.907 
17 31.8193 
18 32.1602 
19 35.1987 
20 42.6438 
21 37.844 
22 35.6661 
23 41.0283 
24 45.8261 
25 46.0554 
26 43.4515 
27 36.473 
28 40.0883 
29 46.7024 
30 38.8987 
31 46.5495 
32 42.9372 
33 40.5038 
34 46.6515 
35 43.2798 
36 42.5642 
37 43.2656 
38 48.0605 
39 50.4424 
40 46.0909 
41 44.9339 
42 45.3765 
43 42.7484 
44 46.6153 
45 43.7765 
46 44.9293 
47 51.9557 
48 55.3343 
49 53.8005 
50 48.4153 
51 56.1285 
52 50.2097 
53 49.6781 
54 51.1673 
55 52.5183 
56 59.6576 
57 60.131 
58 52.2899 
59 58.742 
0 33.168 
1 27.9691 
2 33.0336 
3 34.0712 
4 26.7101 
5 34.8409 
6 34.4721 
7 27.3897 
8 36.3332 
9 35.0426 
10 30.8532 
11 40.7698 
12 37.6618 
13 41.7044 
14 36.4214 
15 33.0097 
16 35.3877 
17 42.5218 
18 40.6698 
19 39.5165 
20 37.9862 
21 34.9865 
22 36.5118 
23 35.136 
24 37.5393 
25 46.3161 
26 46.2263 
27 44.3467 
28 41.6548 
29 45.2067 
30 38.7461 
31 47.9425 
32 42.054 
33 43.5984 
34 47.0254 
35 47.586 
36 51.0535 
37 42.8787 
38 42.1338 
39 41.9191 
40 42.371 
41 50.5264 
42 53.3002 
43 46.9743 
44 47.8188 
45 50.2397 
46 54.4644 
47 46.9538 
48 53.7865 
49 55.2879 
50 46.3889 
51 56.2394 
52 57.371 
53 55.9383 
54 59.4509 
55 58.3704 
56 58.415 
57 50.8586 
58 60.9459 
59 50.9952 
0 30.4792 
1 30.4352 
2 31.5963 
3 32.7109 
4 35.9722 
5 36.7643 
6 27.1498 
7 35.6619 
8 36.1482 
9 32.7936 
10 31.9509 
11 40.0995 
12 39.3115 
13 37.0013 
14 34.874 
15 36.7267 
16 38.9297 
17 33.88 
18 37.3455 
19 42.2336 
20 36.3361 
21 39.6928 
22 44.0977 
23 44.3103 
24 44.7525 
25 43.7823 
26 42.1937 
27 42.0083 
28 35.8919 
29 37.8995 
30 40.9005 
31 47.9548 
32 37.0961 
33 39.1584 
34 46.4378 
35 45.2822 
36 39.4416 
37 42.3236 
38 44.177 
39 42.5366 
40 45.1002 
41 47.7023 
42 42.8136 
43 50.9578 
44 46.7506 
45 52.2104 
46 48.529 
47 43.1706 
48 50.7309 
49 53.6195 
50 47.7301 
51 54.6026 
52 45.0299 
53 51.8239 
54 46.8738 
55 53.4797 
56 47.8668 
57 49.0004 
58 55.4418 
59 53.5716 
0 32.3432 
1 36.3071 
2 35.1247 
3 36.4052 
4 26.1914 
5 35.4425 
6 29.1227 
7 31.9731 
8 27.6488 
9 32.0922 
10 36.1119 
11 37.0215 
12 33.1691 
13 35.2322 
14 40.1699 
15 36.2194 
16 31.36 
17 40.6177 
18 30.9077 
19 39.8448 
20 36.0001 
21 35.5235 
22 38.8957 
23 33.1638 
24 34.845 
25 39.5062 
26 38.9345 
27 33.4707 
28 36.6057 
29 43.1974 
30 38.9248 
31 35.5659 
32 43.492 
33 38.0216 
34 40.344 
35 41.5797 
36 47.4729 
37 46.9747 
38 43.6826 
39 40.1522 
40 46.1108 
41 48.5374 
42 49.5793 
43 46.6475 
44 43.7568 
45 40.7776 
46 48.5116 
47 45.3375 
48 46.0003 
49 41.4594 
50 46.0434 
51 53.5436 
52 49.2516 
53 42.5785 
54 44.2902 
55 52.3988 
56 45.3927 
57 52.0673 
58 50.6687 
59 52.3506 
0 27.3531 
1 25.5213 
2 29.12 
3 34.5937 
4 33.4589 
5 26.9223 
6 28.3451 
7 29.7111 
8 34.7305 
9 34.1569 
10 34.9419 
11 39.7711 
12 38.3076 
13 31.8313 
14 34.9118 
15 40.6418 
16 32.1971 
17 38.3494 
18 43.8125 
19 44.0819 
20 40.4706 
21 38.095 
22 40.9772 
23 43.8943 
24 39.6341 
25 41.2979 
26 38.096 
27 40.3157 
28 37.3713 
29 41.8329 
30 44.8793 
31 48.2631 
32 43.2993 
33 46.2976 
34 49.5063 
35 49.1955 
36 52.4339 
37 52.916 
38 53.3404 
39 44.9075 
40 47.7658 
41 45.3171 
42 48.9767 
43 52.6804 
44 46.3855 
45 48.1954 
46 53.3144 
47 55.7163 
48 51.1509 
49 57.2121 
50 48.6114 
51 49.0993 
52 52.6767 
53 58.6024 
54 51.5154 
55 50.8168 
56 51.9316 
57 59.1478 
58 54.7289 
59 61.659 
0 24.9243 
1 32.8745 
2 31.5197 
3 34.5193 
4 34.9922 
5 35.4305 
6 34.9666 
7 27.5581 
8 35.7397 
9 31.2382 
10 27.7902 
11 32.6381 
12 36.1614 
13 39.8309 
14 34.4529 
15 34.0267 
16 36.8333 
17 36.8996 
18 33.1744 
19 38.2467 
20 32.2014 
21 39.1843 
22 39.6869 
23 34.8872 
24 33.3844 
25 31.5489 
26 38.7227 
27 41.2024 
28 44.1856 
29 34.4332 
30 35.8557 
31 38.3383 
32 37.3177 
33 38.3065 
34 39.0474 
35 46.2477 
36 44.0215 
37 43.1543 
38 37.9602 
39 36.8397 
40 43.0985 
41 37.9139 
42 43.0857 
43 40.7167 
44 39.295 
45 37.5623 
46 48.1818 
47 38.7467 
48 41.1265 
49 48.8762 
50 50.2708 
51 41.963 
52 51.3178 
53 46.4597 
54 50.8545 
55 47.2971 
56 44.6721 
57 46.6612 
58 52.2696 
59 44.0103 
0 29.9787 
1 26.9214 
2 29.0286 
3 28.0369 
4 28.7972 
5 30.2258 
6 25.9078 
7 32.0277 
8 33.1842 
9 36.5745 
10 28.4837 
11 28.9623 
12 33.5259 
13 31.8056 
14 33.7718 
15 37.8599 
16 32.8174 
17 37.3519 
18 36.6338 
19 35.0328 
20 32.9145 
21 32.6569 
22 41.4258 
23 40.9798 
24 34.0663 
25 42.3135 
26 36.7227 
27 41.2863 
28 39.0765 
29 40.8565 
30 35.7784 
31 35.2097 
32 35.3946 
33 44.0842 
34 38.7009 
35 42.3622 
36 42.7579 
37 39.8416 
38 43.064 
39 48.3103 
40 43.2505 
41 42.9168 
42 43.1707 
43 44.3941 
44 49.8599 
45 47.3046 
46 48.4196 
47 46.327 
48 46.1714 
49 40.1598 
50 48.9578 
51 42.3068 
52 41.2483 
53 43.2303 
54 43.3112 
55 44.0028 
56 44.5329 
57 45.2583 
58 44.1296 
59 46.7487 
0 24.4487 
1 25.0134 
2 28.8794 
3 32.3888 
4 28.8399 
5 33.3639 
6 33.0715 
7 36.7042 
8 37.407 
9 28.3802 
10 31.9234 
11 35.5111 
12 34.2106 
13 37.1365 
14 36.5352 
15 37.4172 
16 30.1436 
17 31.1202 
18 41.7328 
19 35.2725 
20 36.4637 
21 37.2219 
22 31.5265 
23 33.4077 
24 32.7088 
25 36.9497 
26 42.3157 
27 34.0062 
28 45.1905 
29 39.2968 
30 42.0494 
31 46.1541 
32 37.1159 
33 44.8689 
34 39.3513 
35 42.7373 
36 39.3974 
37 46.0369 
38 48.4656 
39 37.0373 
40 42.7011 
41 45.4482 
42 47.2629 
43 47.7618 
44 43.6973 
45 45.1319 
46 47.5206 
47 40.125 
48 42.8207 
49 48.7008 
50 41.6964 
51 44.9131 
52 49.5792 
53 52.9498 
54 53.7033 
55 49.7856 
56 49.1521 
57 47.2806 
58 45.8678 
59 45.25 
0 25.9184 
1 33.6631 
2 27.4047 
3 36.2824 
4 26.6228 
5 32.8814 
6 35.8457 
7 30.87 
8 33.2648 
9 31.9928 
10 30.9717 
11 35.9902 
12 30.7413 
13 32.2926 
14 38.6581 
15 35.1516 
16 35.5343 
17 41.1937 
18 40.5702 
19 41.5534 
20 31.1792 
21 32.6776 
22 34.1609 
23 33.9128 
24 41.9528 
25 34.5784 
26 37.0363 
27 35.1162 
28 42.8199 
29 33.2403 
30 37.5747 
31 39.26 
32 35.4234 
33 41.8602 
34 44.0871 
35 40.1466 
36 36.2934 
37 47.1174 
38 41.8765 
39 47.303 
40 42.3306 
41 48.0469 
42 46.5807 
43 41.764 
44 44.631 
45 46.1473 
46 39.0932 
47 46.4729 
48 47.4142 
49 44.2526 
50 42.6435 
51 46.953 
52 42.7895 
53 45.5254 
54 43.0982 
55 45.3975 
56 42.5138 
57 49.9307 
58 49.1692 
59 43.9974 
0 32.4012 
1 34.5121 
2 28.8378 
3 33.4046 
4 26.9644 
5 29.2071 
6 34.1624 
7 29.3236 
8 33.5701 
9 26.9176 
10 29.2003 
11 36.1302 
12 30.2 
13 38.0071 
14 35.6305 
15 29.0294 
16 36.6992 
17 40.2198 
18 38.462 
19 39.5571 
20 40.8879 
21 33.3897 
22 33.9913 
23 37.2776 
24 36.0959 
25 36.6402 
26 33.6926 
27 39.9478 
28 35.1252 
29 35.9684 
30 36.4535 
31 41.8884 
32 39.9547 
33 40.5298 
34 35.7068 
35 42.2173 
36 36.7615 
37 38.919 
38 37.7777 
39 39.4512 
40 43.7018 
41 37.8267 
42 37.6645 
43 45.498 
44 40.3585 
45 46.5711 
46 36.8678 
47 45.7098 
48 46.9679 
49 45.4818 
50 37.4566 
51 42.2507 
52 37.9349 
53 42.3033 
54 48.8509 
55 47.291 
56 41.9752 
57 50.0243 
58 41.5126 
59 42.9404 
0 26.2907 
1 24.5427 
2 35.2732 
3 29.6004 
4 27.9254 
5 36.0729 
6 26.0404 
7 35.11 
8 37.747 
9 37.2857 
10 35.4918 
11 38.297 
12 35.1139 
13 33.7298 
14 29.5949 
15 30.969 
16 32.5292 
17 30.1346 
18 29.8892 
19 39.8643 
20 30.6768 
21 40.4595 
22 36.7131 
23 39.6031 
24 40.415 
25 41.466 
26 37.6244 
27 31.208 
28 41.2433 
29 32.6386 
30 33.7061 
31 42.9042 
32 40.5715 
33 34.364 
34 34.4977 
35 32.5183 
36 43.1379 
37 42.7975 
38 38.4723 
39 37.7992 
40 34.742 
41 38.0543 
42 46.0637 
43 36.5564 
44 42.3345 
45 40.0886 
46 37.9355 
47 43.4449 
48 37.7019 
49 44.1675 
50 37.6905 
51 37.6515 
52 47.6163 
53 46.9035 
54 47.3185 
55 43.7406 
56 45.1569 
57 42.8827 
58 46.7807 
59 44.1602 
0 31.8141 
1 36.1164 
2 31.3216 
3 37.07 
4 28.4594 
5 37.8327 
6 36.5029 
7 33.6382 
8 28.5041 
9 37.288 
10 35.5606 
11 30.512 
12 35.5745 
13 34.3248 
14 38.9172 
15 32.7633 
16 39.7515 
17 36.8038 
18 34.534 
19 35.8574 
20 38.216 
21 36.2665 
22 32.3522 
23 38.2233 
24 41.1622 
25 39.8328 
26 36.2829 
27 42.5656 
28 39.2841 
29 36.8828 
30 43.384 
31 35.7653 
32 47.5262 
33 37.7732 
34 43.5334 
35 39.4991 
36 44.9776 
37 39.0599 
38 47.045 
39 40.9271 
40 45.933 
41 40.4512 
42 41.3325 
43 52.0083 
44 49.7983 
45 52.1947 
46 48.4682 
47 46.6269 
48 44.7012 
49 49.6553 
50 52.3742 
51 48.1589 
52 53.1435 
53 54.4522 
54 51.7263 
55 56.4902 
56 45.5992 
57 46.2136 
58 55.4451 
59 51.0244 
0 30.098 
1 25.3814 
2 24.496 
3 36.5562 
4 27.488 
5 32.3672 
6 36.3834 
7 37.4931 
8 36.3818 
9 36.7034 
10 30.205 
11 34.1713 
12 29.2314 
13 30.1079 
14 32.833 
15 30.143 
16 37.6901 
17 37.3713 
18 37.824 
19 39.5028 
20 29.1619 
21 36.9663 
22 40.5268 
23 37.2178 
24 33.251 
25 34.4477 
26 35.9889 
27 33.1025 
28 41.6733 
29 33.3105 
30 35.6813 
31 41.184 
32 41.4957 
33 39.0569 
34 32.7388 
35 35.0849 
36 42.1943 
37 33.6754 
38 43.9274 
39 34.1964 
40 35.2389 
41 44.2449 
42 37.701 
43 38.2374 
44 35.4861 
45 38.3034 
46 45.033 
47 39.2066 
48 46.8282 
49 46.4613 
50 45.7793 
51 44.9218 
52 41.2113 
53 40.3333 
54 47.5935 
55 42.3216 
56 46.1667 
57 38.4624 
58 46.4159 
59 39.2915 
0 26.7879 
1 31.3263 
2 27.5762 
3 35.6242 
4 32.7437 
5 33.4589 
6 26.4667 
7 34.1312 
8 32.9304 
9 32.1878 
10 39.4117 
11 33.4704 
12 38.8846 
13 34.3226 
14 36.0448 
15 40.2329 
16 37.6777 
17 40.0624 
18 41.2775 
19 41.5488 
20 32.7443 
21 42.3536 
22 36.4384 
23 38.4426 
24 35.5618 
25 41.3182 
26 43.8472 
27 46.3142 
28 35.6398 
29 39.5253 
30 40.2218 
31 43.3542 
32 42.4504 
33 38.0364 
34 48.2579 
35 46.2792 
36 46.2505 
37 47.1436 
38 39.7407 
39 41.5004 
40 39.5647 
41 47.4922 
42 47.6647 
43 47.3625 
44 42.5456 
45 47.8669 
46 48.5242 
47 47.619 
48 45.3487 
49 42.9794 
50 48.3437 
51 47.7028 
52 51.3992 
53 53.6267 
54 53.9502 
55 54.122 
56 50.4622 
57 52.5641 
58 50.1863 
59 48.0509 
0 31.228 
1 26.2065 
2 30.9115 
3 33.2714 
4 31.564 
5 35.6257 
6 28.5426 
7 27.6846 
8 31.7055 
9 28.3834 
10 32.0022 
11 39.6861 
12 33.6738 
13 34.2638 
14 30.9116 
15 37.9742 
16 35.9135 
17 37.4674 
18 43.8132 
19 35.4338 
20 40.9041 
21 45.5331 
22 45.277 
23 38.5857 
24 39.8546 
25 46.5066 
26 47.7635 
27 38.1385 
28 42.5486 
29 47.2624 
30 48.329 
31 44.0324 
32 45.9146 
33 42.9399 
34 49.621 
35 42.0098 
36 45.4942 
37 50.237 
38 45.7366 
39 43.5573 
40 43.5421 
41 54.5188 
42 50.0327 
43 46.0956 
44 49.6369 
45 51.6186 
46 55.4625 
47 51.1941 
48 51.6004 
49 46.3226 
50 52.6551 
51 53.9512 
52 48.8702 
53 56.0503 
54 56.4809 
55 55.0496 
56 53.9247 
57 53.9208 
58 61.7568 
59 56.7657 
0 28.4727 
1 31.5602 
2 30.4749 
3 28.7568 
4 31.2795 
5 29.1168 
6 31.8707 
7 38.4835 
8 28.1968 
9 29.324 
10 39.1605 
11 34.49 
12 38.2186 
13 38.6595 
14 41.0727 
15 32.1245 
16 40.6192 
17 37.3332 
18 36.0434 
19 32.3717 
20 37.5497 
21 33.6537 
22 33.0634 
23 32.8477 
24 40.611 
25 33.627 
26 42.1151 
27 33.9285 
28 35.9172 
29 38.9621 
30 39.5318 
31 35.8804 
32 36.3304 
33 36.2708 
34 44.027 
35 40.8989 
36 46.764 
37 42.503 
38 48.0721 
39 43.8915 
40 39.1861 
41 49.0656 
42 48.6601 
43 49.9823 
44 39.9923 
45 50.0109 
46 42.4674 
47 42.4051 
48 41.3213 
49 44.8619 
50 48.9555 
51 47.0568 
52 43.5372 
53 45.0368 
54 50.492 
55 48.9223 
56 48.7547 
57 46.6409 
58 45.3936 
59 51.0343 
0 24.7267 
1 32.7481 
2 33.0513 
3 27.5392 
4 31.2707 
5 28.4246 
6 28.3125 
7 27.8699 
8 37.919 
9 33.0452 
10 32.5195 
11 28.274 
12 30.1753 
13 31.9852 
14 29.2459 
15 36.3192 
16 32.2506 
17 34.474 
18 40.0221 
19 38.3023 
20 34.8734 
21 32.9619 
22 31.1455 
23 33.6443 
24 37.9994 
25 38.9386 
26 36.3561 
27 35.3748 
28 38.8335 
29 42.1585 
30 40.0035 
31 43.0935 
32 42.248 
33 35.0372 
34 37.7251 
35 36.9207 
36 44.3392 
37 45.4385 
38 35.8543 
39 34.9254 
40 42.14 
41 42.8556 
42 45.5868 
43 45.9469 
44 44.2983 
45 46.2639 
46 37.6888 
47 44.5304 
48 39.4736 
49 45.9538 
50 46.1358 
51 40.5546 
52 41.6554 
53 43.5571 
54 49.5408 
55 45.3775 
56 48.8332 
57 39.1683 
58 47.3902 
59 43.178 
0 25.4755 
1 28.618 
2 30.6357 
3 31.7309 
4 32.6194 
5 30.4798 
6 37.9551 
7 34.1946 
8 37.9452 
9 29.9011 
10 36.0459 
11 30.1416 
12 31.9371 
13 39.0302 
14 31.6419 
15 32.2799 
16 40.19 
17 36.601 
18 36.3015 
19 36.3028 
20 38.662 
21 43.1816 
22 40.7122 
23 39.3214 
24 38.2596 
25 37.3858 
26 44.9489 
27 34.8175 
28 35.2972 
29 45.834 
30 36.7713 
31 43.1592 
32 47.8099 
33 47.7542 
34 44.6834 
35 38.1621 
36 42.5564 
37 39.0434 
38 49.5285 
39 45.3365 
40 44.8931 
41 41.0779 
42 49.8182 
43 43.6792 
44 43.8274 
45 50.1309 
46 52.5302 
47 42.9092 
48 44.5927 
49 49.6146 
50 43.9101 
51 52.2392 
52 49.5204 
53 44.9036 
54 48.9432 
55 47.8582 
56 54.8202 
57 50.4295 
58 57.2677 
59 52.3038 
0 26.3572 
1 33.8344 
2 25.0056 
3 26.7152 
4 34.3217 
5 36.284 
6 30.3474 
7 28.5219 
8 30.4632 
9 28.5734 
10 28.953 
11 34.712 
12 34.2319 
13 27.7779 
14 38.1341 
15 34.4141 
16 33.2642 
17 31.4379 
18 33.5027 
19 33.6535 
20 36.4255 
21 34.4207 
22 32.2456 
23 41.6738 
24 32.1113 
25 41.205 
26 33.7198 
27 40.0825 
28 34.19 
29 31.8379 
30 38.8472 
31 40.4779 
32 42.9841 
33 38.3757 
34 38.8901 
35 41.4183 
36 43.5047 
37 37.3786 
38 38.6531 
39 38.5311 
40 36.7977 
41 43.8809 
42 40.7921 
43 43.0078 
44 46.1206 
45 40.2207 
46 44.2468 
47 45.6961 
48 45.6802 
49 40.915 
50 43.6375 
51 38.4651 
52 42.4387 
53 47.2932 
54 46.5458 
55 42.0784 
56 42.1246 
57 48.6845 
58 47.387 
59 47.7001 
0 24.6489 
1 31.2839 
2 34.2765 
3 32.7512 
4 31.8226 
5 29.2669 
6 26.8974 
7 26.6107 
8 34.4524 
9 28.1966 
10 29.5422 
11 39.4187 
12 39.6156 
13 40.3127 
14 31.421 
15 31.7766 
16 37.8726 
17 37.6285 
18 38.7321 
19 31.8649 
20 39.0034 
21 38.7545 
22 38.3063 
23 41.4516 
24 36.6026 
25 36.1195 
26 42.9675 
27 33.6817 
28 34.2749 
29 39.2226 
30 41.4984 
31 44.5167 
32 43.5551 
33 46.2737 
34 43.1069 
35 40.8373 
36 41.9005 
37 39.3583 
38 39.2858 
39 48.4083 
40 41.5426 
41 44.1169 
42 48.889 
43 42.2135 
44 40.9427 
45 48.2482 
46 45.2533 
47 46.2637 
48 45.7478 
49 48.4492 
50 51.5267 
51 53.6864 
52 51.3172 
53 44.1709 
54 46.588 
55 45.734 
56 53.3818 
57 55.2757 
58 51.9602 
59 45.411 
0 32.5478 
1 32.5061 
2 29.5296 
3 27.3467 
4 36.3129 
5 26.8264 
6 29.4301 
7 36.1846 
8 32.9603 
9 29.9999 
10 37.6376 
11 31.695 
12 35.1879 
13 34.2799 
14 40.499 
15 39.1654 
16 32.1929 
17 39.3425 
18 34.9055 
19 38.059 
20 36.8012 
21 38.7487 
22 34.3022 
23 35.7306 
24 34.2872 
25 36.6112 
26 44.2668 
27 39.9184 
28 42.3345 
29 43.6927 
30 39.6138 
31 38.6879 
32 40.349 
33 44.2939 
34 41.1709 
35 42.3476 
36 37.7411 
37 39.5935 
38 47.4305 
39 43.3212 
40 39.3822 
41 38.4589 
42 39.5526 
43 44.7633 
44 45.4976 
45 41.2314 
46 43.5444 
47 49.997 
48 48.7578 
49 43.9353 
50 46.9441 
51 43.2299 
52 45.4969 
53 48.245 
54 54.6543 
55 46.1633 
56 47.8938 
57 44.4914 
58 45.1562 
59 52.3146 
0 28.2043 
1 30.5533 
2 35.0831 
3 36.9632 
4 36.1705 
5 35.9897 
6 29.6103 
7 38.3947 
8 37.4854 
9 38.1906 
10 33.0931 
11 33.639 
12 36.3086 
13 36.2005 
14 31.8807 
15 34.9836 
16 39.6592 
17 39.7531 
18 42.7715 
19 40.5471 
20 33.9892 
21 44.8007 
22 37.516 
23 45.6821 
24 42.7145 
25 42.9093 
26 42.477 
27 46.3234 
28 39.4728 
29 42.3377 
30 46.8228 
31 39.1562 
32 39.3591 
33 48.5248 
34 44.5124 
35 41.5565 
36 46.6343 
37 41.9701 
38 48.0125 
39 51.9475 
40 48.8065 
41 45.6336 
42 50.0482 
43 45.7204 
44 48.4274 
45 55.1062 
46 48.0823 
47 47.6958 
48 45.7531 
49 56.0442 
50 47.6652 
51 51.3803 
52 47.8372 
53 58.5492 
54 51.0508 
55 54.6252 
56 53.3052 
57 60.1222 
58 55.5164 
59 54.1351 
0 33.3222 
1 29.5011 
2 25.4313 
3 36.3573 
4 29.6994 
5 35.817 
6 32.9363 
7 36.3042 
8 37.8753 
9 33.5941 
10 33.9937 
11 30.3275 
12 34.7108 
13 34.2747 
14 29.8171 
15 34.5089 
16 39.136 
17 38.2577 
18 34.1652 
19 40.928 
20 41.0262 
21 39.1869 
22 37.9073 
23 35.2212 
24 34.2669 
25 40.5836 
26 32.8369 
27 40.9529 
28 41.5663 
29 37.0552 
30 33.4452 
31 37.7616 
32 36.6362 
33 38.6821 
34 41.3666 
35 39.4326 
36 36.362 
37 42.6861 
38 35.6102 
39 34.4654 
40 39.9532 
41 43.009 
42 41.5942 
43 39.1876 
44 39.5597 
45 42.0786 
46 37.1896 
47 38.1805 
48 44.0763 
49 47.0829 
50 37.5952 
51 38.0055 
52 39.7954 
53 39.1023 
54 45.0495 
55 45.0886 
56 46.2197 
57 41.8202 
58 48.7685 
59 49.3679 
0 33.3211 
1 33.8022 
2 25.1264 
3 29.7809 
4 33.5971 
5 28.5332 
6 30.8284 
7 36.7631 
8 26.9444 
9 30.4062 
10 36.859 
11 35.0296 
12 29.395 
13 32.4125 
14 31.2301 
15 33.2411 
16 30.6945 
17 36.1789 
18 42.3222 
19 32.9842 
20 36.6421 
21 34.7481 
22 41.635 
23 33.2312 
24 39.1629 
25 43.7029 
26 38.4312 
27 36.7057 
28 40.8325 
29 41.126 
30 38.7505 
31 41.9806 
32 37.9706 
33 43.8946 
34 40.64 
35 47.2585 
36 40.8873 
37 48.4388 
38 38.9033 
39 49.6617 
40 47.4346 
41 39.3984 
42 42.7527 
43 41.9136 
44 48.4483 
45 46.999 
46 43.564 
47 50.4083 
48 41.392 
49 47.4563 
50 44.4217 
51 48.0844 
52 46.5641 
53 48.2262 
54 52.5518 
55 50.824 
56 54.042 
57 56.144 
58 50.0648 
59 50.3061 
0 31.7597 
1 26.7631 
2 34.0283 
3 31.7494 
4 32.4293 
5 29.3602 
6 33.2741 
7 31.7786 
8 27.7433 
9 28.1499 
10 34.749 
11 30.5158 
12 29.176 
13 30.8084 
14 39.5435 
15 30.5461 
16 41.4827 
17 39.6908 
18 32.8415 
19 33.3844 
20 38.5006 
21 35.6879 
22 33.8578 
23 41.5827 
24 42.5696 
25 36.2763 
26 43.5169 
27 42.7135 
28 41.7174 
29 38.6222 
30 36.1531 
31 41.7926 
32 38.2943 
33 37.6334 
34 39.2254 
35 46.2512 
36 47.4275 
37 38.1094 
38 38.1992 
39 45.9487 
40 50.1906 
41 46.3298 
42 39.3872 
43 48.7683 
44 44.75 
45 44.4633 
46 51.9668 
47 45.8226 
48 43.9532 
49 53.4588 
50 45.1991 
51 51.0468 
52 54.3225 
53 47.1479 
54 51.2025 
55 53.1001 
56 53.387 
57 51.8481 
58 48.1408 
59 48.4244 
0 27.5209 
1 24.4954 
2 31.073 
3 30.5883 
4 34.1096 
5 29.2369 
6 26.0058 
7 30.209 
8 29.4867 
9 32.6091 
10 29.6593 
11 38.3381 
12 38.5963 
13 36.8248 
14 38.9036 
15 35.7926 
16 30.2259 
17 34.7974 
18 34.2268 
19 40.9726 
20 39.5 
21 41.2546 
22 38.3154 
23 31.8876 
24 36.2942 
25 31.7451 
26 41.8245 
27 37.9889 
28 42.3229 
29 38.101 
30 37.3753 
31 39.6793 
32 43.0327 
33 41.2381 
34 35.808 
35 41.3902 
36 40.6234 
37 42.2241 
38 41.0002 
39 40.33 
40 34.9903 
41 36.7261 
42 37.7775 
43 40.1949 
44 38.249 
45 45.1358 
46 41.4218 
47 36.5087 
48 41.9998 
49 43.823 
50 46.7079 
51 38.653 
52 42.9917 
53 46.0701 
54 45.3095 
55 43.2234 
56 46.3451 
57 45.7822 
58 45.7649 
59 47.8313 
0 32.3957 
1 32.2213 
2 28.0688 
3 25.886 
4 30.9793 
5 36.8497 
6 26.7479 
7 27.1984 
8 30.0815 
9 37.0796 
10 29.4789 
11 36.6411 
12 37.5669 
13 30.026 
14 36.9319 
15 34.0419 
16 30.0568 
17 30.6748 
18 31.2297 
19 33.9075 
20 39.2913 
21 36.901 
22 34.2637 
23 38.3258 
24 42.2316 
25 41.7982 
26 36.1144 
27 42.6318 
28 41.832 
29 39.542 
30 39.1234 
31 43.0717 
32 33.52 
33 37.2032 
34 35.9991 
35 37.8139 
36 39.766 
37 42.7966 
38 47.1673 
39 42.7434 
40 40.1335 
41 41.9821 
42 47.7816 
43 41.1944 
44 39.3635 
45 42.0016 
46 41.974 
47 45.4776 
48 40.7163 
49 38.8372 
50 42.5553 
51 44.9676 
52 46.7912 
53 46.3435 
54 45.29 
55 42.6728 
56 47.5818 
57 43.3338 
58 44.7413 
59 51.312 
0 31.4318 
1 30.3095 
2 28.1229 
3 36.9115 
4 36.1714 
5 34.0891 
6 29.1051 
7 30.8835 
8 38.2516 
9 35.4753 
10 31.1552 
11 31.3416 
12 29.7808 
13 36.1498 
14 29.0212 
15 36.6111 
16 37.9999 
17 38.1595 
18 36.0045 
19 38.7071 
20 33.2127 
21 32.8299 
22 40.5084 
23 34.8711 
24 34.0653 
25 35.3912 
26 42.0429 
27 41.3847 
28 37.5244 
29 43.8566 
30 37.7133 
31 39.3462 
32 44.6718 
33 35.3403 
34 40.7883 
35 40.8014 
36 38.2953 
37 46.818 
38 38.4677 
39 36.446 
40 39.0032 
41 44.3924 
42 42.6499 
43 37.3629 
44 47.7029 
45 49.2231 
46 44.5479 
47 44.2041 
48 49.3061 
49 43.6927 
50 38.9958 
51 47.9871 
52 41.9282 
53 41.7305 
54 49.6172 
55 52.3466 
56 49.8546 
57 51.4283 
58 43.9403 
59 52.9418 
0 30.9449 
1 24.5183 
2 30.0238 
3 29.9887 
4 36.3021 
5 29.505 
6 34.6694 
7 30.524 
8 32.8924 
9 37.4005 
10 37.971 
11 32.8752 
12 31.0555 
13 30.4222 
14 35.5124 
15 37.0662 
16 40.313 
17 41.4691 
18 39.0166 
19 31.6493 
20 41.9018 
21 39.4787 
22 36.7163 
23 35.8777 
24 44.2468 
25 35.2585 
26 38.3573 
27 44.4224 
28 45.7637 
29 44.1664 
30 44.265 
31 43.4577 
32 36.2302 
33 41.388 
34 36.6205 
35 44.3547 
36 41.6106 
37 39.5404 
38 48.9748 
39 39.0861 
40 42.7474 
41 39.2986 
42 51.1563 
43 40.1715 
44 49.5644 
45 42.9311 
46 42.5207 
47 49.1011 
48 52.8935 
49 49.9089 
50 42.5705 
51 43.8721 
52 51.3467 
53 43.9797 
54 47.0024 
55 46.1693 
56 55.8344 
57 47.2937 
58 47.324 
59 45.9599 
0 24.2596 
1 27.5917 
2 26.4535 
3 33.5624 
4 36.2375 
5 37.0042 
6 36.2248 
7 28.0765 
8 35.1197 
9 37.8498 
10 36.6445 
11 29.8328 
12 31.4669 
13 34.2231 
14 34.4477 
15 39.7841 
16 37.1638 
17 36.4914 
18 34.9427 
19 35.056 
20 39.4049 
21 32.5474 
22 39.5079 
23 38.1208 
24 41.3544 
25 35.7972 
26 41.518 
27 34.2679 
28 40.5013 
29 43.2969 
30 39.1167 
31 43.077 
32 38.3446 
33 44.303 
34 41.154 
35 41.954 
36 48.6909 
37 45.0179 
38 48.6085 
39 47.4285 
40 41.7677 
41 45.2213 
42 47.9727 
43 40.2393 
44 44.1321 
45 40.8774 
46 47.0609 
47 51.9444 
48 42.7847 
49 48.5702 
50 45.3147 
51 50.9448 
52 45.8286 
53 45.3599 
54 53.3005 
55 53.9625 
56 56.3839 
57 48.541 
58 53.4738 
59 52.7202 
0 34.512 
1 29.3786 
2 28.4176 
3 29.6349 
4 34.8758 
5 37.0063 
6 32.0426 
7 30.1627 
8 35.3908 
9 36.7991 
10 38.0707 
11 36.0216 
12 38.3222 
13 34.6606 
14 32.816 
15 34.0792 
16 35.0552 
17 38.0116 
18 43.2581 
19 42.3469 
20 41.7182 
21 34.6701 
22 39.4627 
23 43.2277 
24 42.2226 
25 44.8904 
26 38.6748 
27 45.7691 
28 37.6568 
29 46.8945 
30 47.4574 
31 44.155 
32 45.9697 
33 39.4868 
34 49.8244 
35 42.777 
36 46.3063 
37 42.0869 
38 50.7676 
39 47.4875 
40 48.8712 
41 43.0782 
42 46.1992 
43 48.9801 
44 44.0108 
45 45.7621 
46 49.042 
47 54.3233 
48 47.4926 
49 54.3581 
50 54.5156 
51 48.2031 
52 55.8412 
53 53.0712 
54 50.2935 
55 48.1937 
56 56.5035 
57 49.2957 
58 50.8383 
59 51.3814 
0 28.5737 
1 31.9801 
2 35.536 
3 30.7435 
4 29.2166 
5 27.1335 
6 34.9329 
7 37.0676 
8 30.8984 
9 33.715 
10 31.9925 
11 28.642 
12 28.1787 
13 35.8786 
14 32.3787 
15 35.8828 
16 34.2594 
17 35.6442 
18 31.4932 
19 38.1146 
20 40.1006 
21 38.6828 
22 34.5627 
23 31.155 
24 41.8052 
25 39.8395 
26 41.4069 
27 32.402 
28 38.8886 
29 35.8485 
30 33.8597 
31 41.8581 
32 44.4166 
33 38.5441 
34 33.9088 
35 43.6956 
36 33.6809 
37 43.8169 
38 41.9056 
39 42.7194 
40 40.8735 
41 37.9112 
42 43.2337 
43 39.8462 
44 41.6295 
45 44.4557 
46 37.1892 
47 37.2161 
48 47.4895 
49 41.1267 
50 47.8348 
51 49.2523 
52 38.1268 
53 38.1232 
54 46.5083 
55 41.8289 
56 49.0871 
57 51.0918 
58 46.5791 
59 40.5788 
0 33.7673 
1 32.8066 
2 25.0208 
3 36.4406 
4 26.2249 
5 32.8785 
6 37.5451 
7 32.3493 
8 26.9596 
9 30.3879 
10 33.4428 
11 35.6373 
12 34.1618 
13 38.8765 
14 37.9955 
15 31.4546 
16 35.7448 
17 29.8644 
18 36.0587 
19 36.0741 
20 40.2894 
21 40.0573 
22 37.0067 
23 41.9414 
24 38.8292 
25 40.8276 
26 34.5988 
27 37.3044 
28 43.7381 
29 33.6241 
30 35.1179 
31 37.6095 
32 44.1691 
33 34.7551 
34 44.3571 
35 35.7986 
36 36.3421 
37 40.1725 
38 42.4115 
39 37.3291 
40 40.3208 
41 42.8285 
42 41.4037 
43 38.9044 
44 44.9903 
45 48.8365 
46 38.5132 
47 44.551 
48 45.5612 
49 44.6729 
50 43.6674 
51 50.2274 
52 43.1184 
53 42.1526 
54 42.3923 
55 42.4613 
56 50.2119 
57 45.1141 
58 49.1241 
59 50.5023 
0 34.5495 
1 33.309 
2 26.7687 
3 26.6453 
4 32.0731 
5 29.5723 
6 27.9954 
7 34.1569 
8 27.4287 
9 35.1869 
10 27.5935 
11 30.8282 
12 32.1693 
13 28.2873 
14 34.7375 
15 32.0545 
16 33.7914 
17 35.5775 
18 31.8131 
19 29.5334 
20 30.0625 
21 30.8571 
22 33.6655 
23 31.6138 
24 35.8273 
25 36.4401 
26 31.5274 
27 40.4926 
28 38.5996 
29 41.2806 
30 41.596 
31 40.3437 
32 41.7042 
33 41.522 
34 39.0436 
35 40.3685 
36 38.9061 
37 33.8755 
38 45.5626 
39 42.2881 
40 35.2249 
41 38.9198 
42 42.9272 
43 36.4377 
44 42.1042 
45 44.8891 
46 40.8449 
47 40.3755 
48 41.3049 
49 45.3098 
50 43.7725 
51 43.5092 
52 38.2186 
53 49.0177 
54 40.4141 
55 40.1096 
56 42.5406 
57 43.3859 
58 49.3608 
59 50.3192 
0 25.936 
1 27.8769 
2 31.0652 
3 32.1247 
4 25.7283 
5 38.0343 
6 32.5144 
7 28.1677 
8 37.7284 
9 34.8157 
10 37.8175 
11 33.1018 
12 34.2708 
13 31.1627 
14 31.7993 
15 39.5554 
16 33.7153 
17 37.4093 
18 33.8995 
19 36.4312 
20 42.0032 
21 39.5672 
22 44.4895 
23 45.1121 
24 41.8079 
25 39.3991 
26 46.4899 
27 37.8993 
28 46.1963 
29 45.3471 
30 46.1184 
31 39.882 
32 47.2155 
33 41.7716 
34 46.352 
35 47.6125 
36 44.7813 
37 42.1602 
38 45.2296 
39 41.7132 
40 46.4534 
41 49.2 
42 48.8457 
43 51.6885 
44 42.9752 
45 51.4401 
46 46.7608 
47 44.6765 
48 54.7223 
49 47.9028 
50 47.9808 
51 53.6677 
52 49.3816 
53 49.8679 
54 53.0302 
55 52.2044 
56 54.6278 
57 51.193 
58 60.2715 
59 51.2461 
0 32.6594 
1 24.679 
2 29.9574 
3 34.71 
4 34.8073 
5 33.8411 
6 25.9011 
7 30.574 
8 30.4399 
9 29.6056 
10 28.8796 
11 31.4777 
12 32.1728 
13 29.5263 
14 30.6125 
15 31.4087 
16 24.2512 
17 31.8232 
18 33.1522 
19 28.0479 
20 46.8552 
21 45.1847 
22 43.6563 
23 44.3996 
24 45.8626 
25 47.8772 
26 48.3971 
27 40.0653 
28 40.6007 
29 48.1596 
30 40.2151 
31 43.5851 
32 41.7204 
33 43.6284 
34 39.9555 
35 41.7604 
36 43.0894 
37 39.4554 
38 41.6998 
39 41.6131 
40 49.8256 
41 44.0041 
42 39.4462 
43 45.9952 
44 44.6864 
45 44.8248 
46 40.4678 
47 45.1025 
48 39.087 
49 43.6141 
50 46.1648 
51 45.3382 
52 48.1812 
53 42.2231 
54 47.42 
55 42.641 
56 40.0264 
57 46.2647 
58 39.3397 
59 45.9379 
0 34.8051 
1 27.8044 
2 28.9207 
3 34.0835 
4 32.1853 
5 30.1462 
6 26.5312 
7 26.9892 
8 25.1134 
9 24.9548 
10 34.5814 
11 32.9546 
12 26.601 
13 30.2398 
14 26.4512 
15 31.5618 
16 31.7237 
17 24.6581 
18 24.1076 
19 28.9505 
20 48.4057 
21 50.3733 
22 50.9208 
23 45.6215 
24 55.4924 
25 52.8374 
26 55.5783 
27 46.667 
28 46.3412 
29 53.4238 
30 52.5608 
31 52.3695 
32 48.611 
33 44.7229 
34 47.9838 
35 50.6186 
36 49.8504 
37 47.9926 
38 44.4001 
39 45.3486 
40 45.5928 
41 48.6033 
42 55.4828 
43 44.0755 
44 54.1917 
45 55.3076 
46 50.0421 
47 52.8785 
48 49.1424 
49 46.0732 
50 55.8739 
51 49.1277 
52 54.4373 
53 50.5275 
54 46.2884 
55 52.6626 
56 52.8689 
57 47.5138 
58 44.3847 
59 49.1167 
0 29.126 
1 28.2653 
2 32.4141 
3 35.238 
4 35.3552 
5 32.5456 
6 32.5742 
7 26.7993 
8 27.5077 
9 25.8706 
10 26.9859 
11 36.0084 
12 35.075 
13 28.4702 
14 31.958 
15 29.6203 
16 32.5301 
17 29.4312 
18 35.863 
19 25.2037 
20 25.131 
21 41.3258 
22 44.0285 
23 50.9242 
24 41.4135 
25 42.3331 
26 50.5125 
27 46.4088 
28 48.2446 
29 48.0239 
30 45.0659 
31 46.1323 
32 44.142 
33 46.9501 
34 40.6057 
35 45.5429 
36 42.437 
37 42.2034 
38 49.0131 
39 47.8065 
40 43.5555 
41 44.8503 
42 42.1722 
43 43.8071 
44 48.3874 
45 41.3456 
46 51.2286 
47 46.7915 
48 40.0908 
49 43.6069 
50 41.9405 
51 40.6409 
52 44.5121 
53 47.6397 
54 40.3042 
55 43.7057 
56 48.4873 
57 45.4893 
58 50.0711 
59 50.9197 
0 25.4781 
1 24.1241 
2 24.3562 
3 29.2685 
4 33.3975 
5 31.8119 
6 24.5835 
7 26.9884 
8 32.7428 
9 32.9715 
10 33.2249 
11 31.8482 
12 25.1997 
13 25.113 
14 31.9977 
15 25.5427 
16 26.4431 
17 24.7917 
18 27.1772 
19 31.9984 
20 48.4216 
21 37.6878 
22 38.2427 
23 44.3191 
24 41.8514 
25 47.4658 
26 37.888 
27 45.1464 
28 44.7091 
29 45.081 
30 44.0774 
31 48.8605 
32 40.919 
33 40.4372 
34 39.7997 
35 38.3198 
36 39.7468 
37 41.9589 
38 41.5242 
39 49.4583 
40 44.3734 
41 38.0646 
42 47.9971 
43 43.6236 
44 39.2937 
45 42.4911 
46 38.1333 
47 41.7493 
48 46.5518 
49 41.4019 
50 46.9579 
51 48.4485 
52 42.1176 
53 47.2234 
54 41.7136 
55 46.1596 
56 47.1397 
57 48.9952 
58 48.2351 
59 44.6929 
0 31.7502 
1 24.3823 
2 28.5432 
3 31.8552 
4 34.4834 
5 31.676 
6 34.9439 
7 28.4224 
8 32.5654 
9 28.9806 
10 35.2167 
11 30.1972 
12 33.8687 
13 34.1661 
14 25.7711 
15 24.2431 
16 34.0115 
17 27.5033 
18 26.0348 
19 29.4426 
20 43.8283 
21 49.8462 
22 42.7119 
23 47.3782 
24 41.5372 
25 46.4271 
26 52.1909 
27 44.0508 
28 40.2339 
29 48.4927 
30 50.3262 
31 40.2453 
32 44.9975 
33 50.4257 
34 43.1636 
35 44.2223 
36 42.0964 
37 42.2154 
38 51.9067 
39 48.9473 
40 45.3551 
41 46.3437 
42 51.8884 
43 42.1974 
44 43.269 
45 43.298 
46 41.1112 
47 49.1247 
48 41.2816 
49 44.7922 
50 50.7132 
51 48.2151 
52 50.6853 
53 50.3508 
54 48.099 
55 40.7851 
56 50.0993 
57 50.0684 
58 50.4856 
59 42.7567 
0 27.1019 
1 25.8456 
2 31.351 
3 32.4152 
4 34.4551 
5 25.2298 
6 30.4671 
7 26.9304 
8 28.0585 
9 26.1332 
10 30.2758 
11 32.5676 
12 30.2963 
13 27.4276 
14 34.6391 
15 30.2949 
16 30.3474 
17 30.6757 
18 29.2869 
19 25.4924 
20 53.2196 
21 49.2988 
22 44.2319 
23 52.8997 
24 55.1133 
25 52.2784 
26 54.7406 
27 43.3359 
28 53.759 
29 50.9887 
30 48.2743 
31 52.5905 
32 47.5204 
33 43.8823 
34 54.8607 
35 52.7958 
36 47.6683 
37 51.7011 
38 47.1601 
39 51.4066 
40 44.9572 
41 44.7713 
42 51.7761 
43 53.5762 
44 51.8065 
45 52.6085 
46 50.58 
47 52.8502 
48 47.4913 
49 47.0786 
50 43.9374 
51 53.5663 
52 44.8095 
53 50.7309 
54 52.1032 
55 50.1258 
56 45.4746 
57 49.5265 
58 53.6522 
59 50.757 
0 27.0784 
1 35.7051 
2 35.2744 
3 32.3616 
4 35.8245 
5 28.754 
6 35.4242 
7 30.6882 
8 29.9721 
9 26.3083 
10 32.0024 
11 32.828 
12 24.7322 
13 35.881 
14 29.5531 
15 34.1569 
16 25.0062 
17 27.5672 
18 25.0088 
19 27.4089 
20 35.816 
21 30.6063 
22 32.3744 
23 32.4086 
24 51.9483 
25 48.116 
26 47.7043 
27 48.7024 
28 52.0294 
29 48.3668 
30 42.7685 
31 48.0686 
32 51.8642 
33 43.8033 
34 45.2417 
35 45.1811 
36 50.0545 
37 47.206 
38 45.1786 
39 50.8708 
40 53.0797 
41 48.5669 
42 50.3295 
43 42.5247 
44 48.6418 
45 42.4105 
46 41.7785 
47 44.5356 
48 42.5831 
49 44.8951 
50 44.4786 
51 44.5414 
52 46.9423 
53 52.9298 
54 46.8366 
55 49.6675 
56 45.097 
57 47.9749 
58 50.9891 
59 51.5094 
0 30.9214 
1 30.4733 
2 24.9228 
3 30.6632 
4 26.6403 
5 27.6402 
6 26.4196 
7 28.7801 
8 31.5449 
9 30.0382 
10 31.5552 
11 26.0447 
12 33.2521 
13 34.0949 
14 34.8363 
15 33.4203 
16 33.475 
17 33.1482 
18 30.7315 
19 29.7407 
20 34.5172 
21 29.3882 
22 27.4842 
23 24.0525 
24 34.2517 
25 32.3755 
26 45.8833 
27 50.1706 
28 51.3622 
29 46.3736 
30 45.6211 
31 52.6313 
32 42.2699 
33 44.7721 
34 46.5553 
35 44.1651 
36 52.2502 
37 50.0167 
38 42.7054 
39 52.8014 
40 45.1654 
41 44.7196 
42 48.4961 
43 46.1995 
44 43.1163 
45 48.9551 
46 51.4199 
47 45.0857 
48 52.3702 
49 49.1674 
50 46.321 
51 51.9817 
52 50.0435 
53 45.6457 
54 50.9043 
55 48.3055 
56 42.441 
57 41.4569 
58 44.1765 
59 42.1626 
0 24.0228 
1 24.748 
2 32.1244 
3 29.9354 
4 29.4396 
5 32.2253 
6 25.4905 
7 30.2923 
8 27.5191 
9 26.4582 
10 35.3776 
11 28.5374 
12 28.3372 
13 28.1551 
14 33.3681 
15 26.8485 
16 27.9032 
17 35.6387 
18 35.3592 
19 35.1932 
20 33.9267 
21 42.9868 
22 51.3531 
23 51.6884 
24 44.716 
25 47.0045 
26 43.1627 
27 41.7577 
28 42.1943 
29 41.5418 
30 43.4733 
31 49.9739 
32 47.19 
33 43.1256 
34 45.5316 
35 46.3303 
36 41.8043 
37 50.1575 
38 45.5371 
39 49.9694 
40 47.678 
41 43.2919 
42 43.011 
43 51.3557 
44 48.112 
45 46.0967 
46 40.818 
47 43.8046 
48 51.4145 
49 50.8346 
50 40.696 
51 44.413 
52 41.6464 
53 41.3787 
54 48.209 
55 50.6183 
56 50.2875 
57 50.4659 
58 46.8925 
59 41.0563 
0 28.1088 
1 29.5571 
2 32.1706 
3 30.0073 
4 30.0584 
5 35.4896 
6 25.586 
7 32.8786 
8 33.8558 
9 29.3816 
10 32.8775 
11 29.6475 
12 30.9786 
13 29.8715 
14 24.928 
15 33.2888 
16 31.1582 
17 24.2468 
18 32.5481 
19 27.4981 
20 29.4011 
21 26.7648 
22 33.1823 
23 25.3066 
24 24.1752 
25 46.0895 
26 47.833 
27 48.2792 
28 42.9483 
29 49.8557 
30 41.3663 
31 45.1237 
32 48.0034 
33 47.5723 
34 46.7248 
35 42.3824 
36 49.8083 
37 44.8945 
38 47.9839 
39 42.5946 
40 50.1032 
41 38.6026 
42 42.7749 
43 46.8331 
44 45.7259 
45 44.0426 
46 45.7006 
47 39.9437 
48 50.3209 
49 49.5457 
50 46.0858 
51 40.5848 
52 41.9979 
53 48.6152 
54 45.2827 
55 44.9636 
56 49.39 
57 41.9612 
58 40.0392 
59 48.1554 
0 33.1287 
1 26.6333 
2 34.6758 
3 35.0963 
4 31.6554 
5 32.6719 
6 26.8639 
7 30.278 
8 26.6421 
9 33.7519 
10 29.8986 
11 24.9353 
12 35.8281 
13 25.4277 
14 25.1134 
15 32.7002 
16 31.1079 
17 35.5935 
18 31.911 
19 29.0482 
20 27.1177 
21 49.5392 
22 44.4708 
23 39.5633 
24 45.7318 
25 48.9802 
26 39.8442 
27 42.2939 
28 40.8349 
29 47.9829 
30 47.1522 
31 39.4094 
32 40.8074 
33 49.1253 
34 43.2946 
35 44.0232 
36 48.5256 
37 43.4789 
38 49.9405 
39 48.5961 
40 40.5485 
41 40.9969 
42 43.8634 
43 48.7577 
44 41.5554 
45 47.2492 
46 40.2757 
47 41.4875 
48 47.0777 
49 50.0511 
50 50.2141 
51 40.1438 
52 40.0781 
53 49.4532 
54 40.2066 
55 46.5584 
56 40.0741 
57 50.2457 
58 40.4942 
59 46.7472 
0 35.0041 
1 28.2296 
2 32.4391 
3 33.6942 
4 25.4755 
5 30.1109 
6 25.99 
7 33.4812 
8 30.3878 
9 33.4129 
10 25.8247 
11 29.7841 
12 27.1001 
13 34.9215 
14 32.3785 
15 30.8699 
16 28.2777 
17 34.6505 
18 33.8639 
19 29.1194 
20 35.3056 
21 26.6888 
22 35.2362 
23 49.283 
24 44.5187 
25 53.2986 
26 46.9001 
27 50.2165 
28 46.3247 
29 50.2573 
30 48.4505 
31 45.5605 
32 44.2532 
33 44.4471 
34 53.7525 
35 54.2196 
36 52.2454 
37 52.8293 
38 46.1473 
39 53.5762 
40 49.0862 
41 51.2763 
42 54.4976 
43 45.4878 
44 46.6482 
45 54.1167 
46 48.4215 
47 53.2079 
48 52.4973 
49 53.3478 
50 49.9584 
51 46.606 
52 55.0814 
53 46.5226 
54 51.4136 
55 51.7563 
56 45.4177 
57 51.4052 
58 45.0953 
59 45.183 
0 24.415 
1 34.8998 
2 29.577 
3 32.9036 
4 26.0351 
5 27.4298 
6 32.2944 
7 34.028 
8 35.9394 
9 27.1004 
10 26.2863 
11 34.1448 
12 25.4997 
13 27.4133 
14 25.4116 
15 26.6333 
16 24.0356 
17 26.3653 
18 24.5009 
19 30.4612 
20 30.4403 
21 53.8476 
22 44.7549 
23 51.5139 
24 52.2461 
25 54.5152 
26 54.4469 
27 52.2425 
28 54.7745 
29 51.2381 
30 44.1383 
31 44.9014 
32 54.4623 
33 49.2617 
34 51.9663 
35 48.2732 
36 46.6255 
37 46.0291 
38 45.183 
39 47.2079 
40 49.8813 
41 48.1392 
42 51.2837 
43 51.9902 
44 49.8798 
45 55.1439 
46 51.6883 
47 51.7831 
48 44.2132 
49 52.6754 
50 51.9983 
51 52.0453 
52 51.999 
53 51.3777 
54 50.9333 
55 54.9089 
56 53.9229 
57 45.6751 
58 45.2032 
59 52.0813 
0 28.01 
1 27.9612 
2 26.655 
3 29.1425 
4 25.2864 
5 34.1151 
6 33.7284 
7 29.2979 
8 27.7453 
9 33.4049 
10 29.7003 
11 30.3632 
12 25.7601 
13 35.0001 
14 28.1499 
15 30.7855 
16 32.7857 
17 26.2959 
18 25.7215 
19 25.7605 
20 29.6331 
21 43.7712 
22 49.5215 
23 46.7979 
24 45.578 
25 41.0241 
26 50.1076 
27 46.0318 
28 50.657 
29 48.3016 
30 48.6508 
31 50.4043 
32 46.6734 
33 41.5228 
34 51.0297 
35 42.8279 
36 41.1353 
37 51.2104 
38 41.171 
39 43.5821 
40 51.0014 
41 51.8082 
42 49.873 
43 43.7352 
44 51.2273 
45 51.3554 
46 43.7169 
47 45.098 
48 48.9354 
49 44.9658 
50 42.0684 
51 41.6366 
52 44.4208 
53 43.0658 
54 45.8978 
55 48.0038 
56 43.3188 
57 42.4085 
58 42.0156 
59 46.2155 
0 35.0357 
1 35.913 
2 30.9581 
3 31.2577 
4 24.3393 
5 25.777 
6 29.0941 
7 32.9106 
8 32.63 
9 29.0548 
10 31.9444 
11 31.8321 
12 33.3083 
13 35.2788 
14 34.8653 
15 35.7775 
16 27.6513 
17 33.1731 
18 27.8349 
19 31.8787 
20 32.6462 
21 30.6089 
22 33.3582 
23 41.8695 
24 45.0662 
25 45.4426 
26 47.0998 
27 50.0236 
28 47.0084 
29 52.7411 
30 45.7356 
31 41.4314 
32 48.3476 
33 44.7831 
34 48.456 
35 51.2564 
36 41.1799 
37 47.3319 
38 50.0332 
39 41.4377 
40 42.2074 
41 44.0123 
42 52.5497 
43 44.5825 
44 47.6228 
45 46.9801 
46 47.4153 
47 44.941 
48 42.7281 
49 51.5212 
50 44.7845 
51 42.0649 
52 41.0976 
53 46.4142 
54 43.9671 
55 50.8418 
56 49.8716 
57 41.3367 
58 48.9789 
59 50.3226 
0 24.8027 
1 32.7975 
2 32.0858 
3 32.5511 
4 30.2582 
5 27.4614 
6 35.801 
7 31.9856 
8 30.9819 
9 32.182 
10 25.1479 
11 29.0004 
12 25.4968 
13 28.6229 
14 33.1897 
15 32.3587 
16 30.6687 
17 35.2641 
18 31.8963 
19 25.8736 
20 28.8822 
21 32.7365 
22 25.2783 
23 33.4522 
24 27.1078 
25 50.2946 
26 45.9834 
27 42.3803 
28 49.7012 
29 47.0814 
30 48.4938 
31 47.2349 
32 49.0523 
33 46.6037 
34 47.5419 
35 50.1249 
36 49.6064 
37 49.4408 
38 49.3376 
39 50.6908 
40 39.7594 
41 50.248 
42 39.9812 
43 42.056 
44 47.4766 
45 45.393 
46 48.2822 
47 46.4957 
48 46.8336 
49 44.0996 
50 41.6403 
51 50.2535 
52 46.7671 
53 50.3758 
54 41.929 
55 48.4669 
56 42.0329 
57 49.194 
58 48.1229 
59 44.1481 
