0 30.38374807692308 
1 30.451909615384604 
2 30.30638461538462 
3 29.636725000000006 
4 28.94944423076923 
5 29.829417307692307 
6 29.149749999999997 
7 29.824238461538457 
8 29.213053846153848 
9 29.752646153846154 
10 29.424953846153844 
11 29.20661346153846 
12 29.374763461538464 
13 29.17373461538462 
14 28.857334615384616 
15 29.111592307692305 
16 29.212992307692307 
17 29.274028846153843 
18 29.98938076923078 
19 30.032484615384615 
20 30.35776346153846 
21 27.495605576923083 
22 27.76014615384615 
23 27.574619423076914 
24 26.02701346153846 
25 24.880472884615383 
26 24.517470000000007 
27 23.948493846153845 
28 22.651377500000002 
29 21.549627884615386 
30 21.598690384615377 
31 21.123803461538465 
32 18.920678653846153 
33 18.32005480769231 
34 16.026243846153847 
35 15.178393269230773 
36 14.005892884615385 
37 14.059459615384613 
38 14.246837884615386 
39 15.216344807692307 
40 14.853755769230768 
41 13.917988653846155 
42 14.24661038461539 
43 15.095795576923077 
44 14.348447884615382 
45 13.793212692307698 
46 13.023314615384619 
47 14.38535423076923 
48 15.450605961538455 
49 13.931512499999997 
50 15.279484999999996 
51 14.930135576923076 
52 14.586311153846152 
53 14.080306153846156 
54 13.967937692307695 
55 13.84845192307692 
56 14.486358653846157 
57 14.533050000000003 
58 13.528483269230769 
59 14.48913076923077 
0 30.6959 
1 32.6666 
2 34.2234 
3 33.1828 
4 34.8351 
5 33.391 
6 33.1745 
7 32.8038 
8 24.1163 
9 25.1895 
10 22.7392 
11 25.0529 
12 32.6791 
13 31.1964 
14 32.1598 
15 29.3805 
16 23.5885 
17 31.7861 
18 24.2653 
19 30.2981 
20 21.1997 
21 26.2385 
22 30.8587 
23 29.9837 
24 21.0293 
25 27.8689 
26 18.415 
27 19.4992 
28 23.458 
29 24.5885 
30 25.9576 
31 23.9212 
32 26.1886 
33 27.1013 
34 27.9835 
35 21.7127 
36 20.9579 
37 20.1101 
38 16.1708 
39 26.0014 
40 21.9504 
41 22.9711 
42 17.4637 
43 19.7913 
44 14.9894 
45 14.9998 
46 24.8499 
47 20.7409 
48 23.4144 
49 16.1014 
50 15.6811 
51 15.6725 
52 23.2877 
53 17.7656 
54 21.8166 
55 16.3705 
56 12.1389 
57 18.9965 
58 17.3203 
59 12.9403 
0 32.7024 
1 35.2191 
2 30.1425 
3 24.2753 
4 28.1559 
5 26.2811 
6 26.8872 
7 29.7385 
8 28.5879 
9 32.1145 
10 28.9522 
11 31.6537 
12 23.86 
13 24.5025 
14 26.1398 
15 26.2832 
16 25.8974 
17 31.7192 
18 24.259 
19 31.1534 
20 27.6731 
21 28.4345 
22 27.9522 
23 23.7635 
24 20.1253 
25 24.8483 
26 27.4951 
27 24.8084 
28 20.7537 
29 24.5176 
30 18.5226 
31 22.4553 
32 25.5328 
33 19.7155 
34 17.4518 
35 17.8218 
36 18.3754 
37 18.6841 
38 17.3308 
39 20.561 
40 21.9886 
41 20.9224 
42 15.342 
43 21.9966 
44 23.5325 
45 19.1055 
46 20.5897 
47 15.386 
48 23.6402 
49 15.9688 
50 16.9737 
51 18.5537 
52 18.1522 
53 14.4306 
54 18.4038 
55 12.0342 
56 16.7271 
57 17.4144 
58 10.6611 
59 12.7071 
0 27.2785 
1 27.2675 
2 25.767 
3 30.55 
4 26.3835 
5 33.4888 
6 23.1674 
7 22.752 
8 27.1656 
9 22.7127 
10 25.1088 
11 26.7477 
12 29.5044 
13 26.1869 
14 19.6636 
15 19.3808 
16 20.9675 
17 20.063 
18 27.1739 
19 27.0611 
20 27.0354 
21 28.917 
22 25.832 
23 25.6267 
24 21.9361 
25 21.726 
26 18.5811 
27 17.9102 
28 16.3326 
29 23.3351 
30 19.0988 
31 17.129 
32 18.4058 
33 16.1166 
34 17.4014 
35 19.207 
36 16.111 
37 18.7729 
38 15.7 
39 17.0488 
40 14.078 
41 13.2367 
42 14.5454 
43 19.5359 
44 20.2398 
45 10.3568 
46 15.8273 
47 19.9706 
48 15.6576 
49 9.56392 
50 18.9331 
51 9.10485 
52 19.2225 
53 10.8289 
54 16.4595 
55 13.5713 
56 15.978 
57 14.6104 
58 13.9215 
59 14.1991 
0 34.887 
1 32.4731 
2 31.9591 
3 28.8336 
4 29.6574 
5 26.1797 
6 25.3045 
7 22.5465 
8 22.4446 
9 27.1338 
10 27.9863 
11 30.7601 
12 26.5715 
13 28.4632 
14 27.513 
15 27.8298 
16 25.5591 
17 28.9388 
18 29.1516 
19 23.2954 
20 29.076 
21 23.0652 
22 20.9811 
23 23.8309 
24 26.1567 
25 22.5912 
26 25.1755 
27 25.2925 
28 28.6013 
29 24.0847 
30 22.3065 
31 24.7274 
32 18.4147 
33 23.7242 
34 22.7894 
35 24.1259 
36 16.2566 
37 18.0085 
38 24.135 
39 15.7787 
40 24.604 
41 19.3478 
42 19.8356 
43 17.2888 
44 14.4621 
45 13.2031 
46 15.1357 
47 13.7276 
48 22.1826 
49 18.0942 
50 22.9905 
51 19.3968 
52 19.8402 
53 18.72 
54 19.5318 
55 20.4052 
56 10.7802 
57 17.7403 
58 12.837 
59 10.5311 
0 32.6914 
1 29.2313 
2 25.8049 
3 24.9521 
4 25.9552 
5 24.0833 
6 24.7563 
7 30.0422 
8 26.7933 
9 27.4313 
10 26.7764 
11 30.8843 
12 30.3892 
13 25.7621 
14 29.9405 
15 22.2592 
16 31.2335 
17 20.8991 
18 30.7823 
19 26.6039 
20 28.1765 
21 28.3758 
22 24.6597 
23 22.223 
24 18.6972 
25 23.9395 
26 17.3301 
27 18.3593 
28 21.8653 
29 20.5652 
30 18.0316 
31 17.2929 
32 19.0701 
33 19.1419 
34 14.4425 
35 18.7685 
36 20.4631 
37 15.2154 
38 20.1455 
39 23.5021 
40 13.8183 
41 21.543 
42 14.4743 
43 22.6142 
44 15.7923 
45 12.0868 
46 21.8015 
47 13.9704 
48 18.3879 
49 11.9257 
50 17.7769 
51 20.2378 
52 14.5013 
53 10.0835 
54 17.8739 
55 17.2832 
56 15.6934 
57 16.0223 
58 11.6904 
59 12.4405 
0 35.3258 
1 27.6795 
2 31.4366 
3 24.8255 
4 26.8885 
5 31.2295 
6 24.7069 
7 24.8145 
8 28.5994 
9 29.3596 
10 31.7395 
11 25.9837 
12 35.1201 
13 25.9859 
14 34.9615 
15 32.3359 
16 30.1722 
17 28.6115 
18 33.5874 
19 35.2112 
20 30.668 
21 31.745 
22 34.6949 
23 35.5461 
24 33.4754 
25 27.7038 
26 34.3589 
27 35.7896 
28 29.1378 
29 33.135 
30 35.8513 
31 28.9296 
32 8.17668 
33 13.2678 
34 9.46672 
35 14.0368 
36 16.2853 
37 17.4075 
38 9.72671 
39 17.9264 
40 18.9289 
41 13.9402 
42 8.9214 
43 11.3065 
44 13.3677 
45 11.7743 
46 8.34633 
47 8.51195 
48 16.2496 
49 16.6484 
50 10.254 
51 10.5702 
52 19.1878 
53 15.4891 
54 18.1441 
55 11.8522 
56 18.4401 
57 15.2299 
58 18.0872 
59 15.4924 
0 28.2421 
1 28.916 
2 26.0876 
3 26.2705 
4 28.6475 
5 24.5306 
6 34.5803 
7 33.2326 
8 35.5898 
9 26.0965 
10 30.1329 
11 24.0378 
12 27.6803 
13 32.4251 
14 25.8581 
15 32.987 
16 24.0474 
17 35.1881 
18 25.925 
19 31.8071 
20 30.4517 
21 31.6558 
22 24.9445 
23 35.2861 
24 24.7242 
25 27.7776 
26 24.2982 
27 35.7363 
28 34.5396 
29 28.9714 
30 25.1773 
31 31.3984 
32 29.646 
33 15.7261 
34 5.96756 
35 16.535 
36 12.2092 
37 11.2541 
38 13.771 
39 7.35345 
40 16.9254 
41 6.01053 
42 13.0571 
43 15.9868 
44 15.8535 
45 6.40161 
46 9.94712 
47 14.2289 
48 8.82049 
49 8.6031 
50 10.8909 
51 15.8505 
52 17.5996 
53 16.7513 
54 5.69362 
55 14.7085 
56 8.35853 
57 6.35314 
58 6.59587 
59 7.3898 
0 30.8222 
1 26.5915 
2 32.7472 
3 31.6264 
4 31.8526 
5 32.2577 
6 34.7195 
7 25.6051 
8 24.2148 
9 29.8303 
10 28.2697 
11 30.5189 
12 27.139 
13 32.9532 
14 29.2079 
15 27.2649 
16 31.0025 
17 24.6011 
18 27.7456 
19 29.2567 
20 25.3745 
21 9.39669 
22 11.8541 
23 18.1791 
24 11.058 
25 12.507 
26 14.945 
27 19.7963 
28 9.56524 
29 19.1522 
30 11.9404 
31 16.0224 
32 17.441 
33 10.9629 
34 10.9959 
35 8.92922 
36 15.0328 
37 8.99128 
38 20.548 
39 17.1395 
40 13.2231 
41 14.9814 
42 10.4121 
43 19.5543 
44 19.1923 
45 13.2969 
46 15.7992 
47 11.8174 
48 12.9246 
49 12.8273 
50 13.1023 
51 13.4493 
52 11.5398 
53 17.9393 
54 8.5429 
55 13.9943 
56 15.7654 
57 16.0962 
58 16.6618 
59 8.96814 
0 33.3153 
1 32.9826 
2 29.2722 
3 27.5899 
4 25.5475 
5 27.085 
6 35.6023 
7 26.7314 
8 33.6366 
9 35.1866 
10 32.1963 
11 29.3669 
12 27.5374 
13 26.6506 
14 34.0703 
15 34.6145 
16 27.8106 
17 24.4341 
18 25.2882 
19 33.7662 
20 31.5853 
21 33.887 
22 29.6636 
23 34.331 
24 26.1637 
25 33.5316 
26 31.6352 
27 28.1679 
28 25.9613 
29 28.1892 
30 34.9821 
31 27.424 
32 26.3678 
33 12.0637 
34 21.2486 
35 18.8826 
36 12.4306 
37 12.7369 
38 13.4283 
39 10.701 
40 14.3247 
41 18.6267 
42 9.85565 
43 13.1808 
44 13.6663 
45 17.9558 
46 14.8487 
47 16.1726 
48 14.4474 
49 11.9382 
50 15.2743 
51 21.3592 
52 10.4491 
53 16.7219 
54 12.3318 
55 14.5965 
56 21.5953 
57 9.98087 
58 14.815 
59 17.7127 
0 31.6969 
1 28.1591 
2 25.4696 
3 31.185 
4 33.5712 
5 32.6778 
6 32.5617 
7 35.4165 
8 30.9588 
9 27.2121 
10 25.9973 
11 35.8381 
12 27.0876 
13 35.3889 
14 33.5169 
15 32.4064 
16 31.2577 
17 31.8743 
18 33.1709 
19 29.848 
20 26.1471 
21 35.9497 
22 35.0904 
23 28.494 
24 32.9073 
25 32.0395 
26 32.6091 
27 21.4746 
28 22.7103 
29 11.8553 
30 19.6294 
31 22.8708 
32 22.7335 
33 21.359 
34 16.1007 
35 13.998 
36 13.459 
37 18.5027 
38 14.3557 
39 20.3014 
40 20.792 
41 21.9594 
42 12.1561 
43 13.5071 
44 11.9082 
45 19.8651 
46 21.1265 
47 12.5887 
48 15.0163 
49 15.1449 
50 16.5157 
51 13.3811 
52 19.1641 
53 20.756 
54 13.1373 
55 20.966 
56 22.9766 
57 17.2545 
58 13.6749 
59 19.7571 
0 25.7094 
1 31.6547 
2 35.516 
3 32.1148 
4 32.5929 
5 33.912 
6 34.7808 
7 32.5922 
8 35.3372 
9 28.2175 
10 35.1554 
11 24.6489 
12 33.8676 
13 29.2064 
14 27.7115 
15 32.4196 
16 29.9104 
17 31.918 
18 32.6961 
19 33.2209 
20 31.5001 
21 29.8583 
22 34.8135 
23 26.8577 
24 27.052 
25 28.1044 
26 29.6489 
27 24.2049 
28 33.1607 
29 27.7589 
30 35.7106 
31 30.6393 
32 25.477 
33 24.2479 
34 28.8414 
35 20.1419 
36 11.702 
37 18.2863 
38 12.9212 
39 21.0551 
40 17.2184 
41 19.1085 
42 12.4214 
43 10.8486 
44 16.1359 
45 17.0818 
46 10.5604 
47 15.2714 
48 21.1341 
49 11.2394 
50 13.3487 
51 12.9822 
52 15.9108 
53 20.7136 
54 10.585 
55 19.3365 
56 18.1897 
57 11.5427 
58 16.4524 
59 20.2542 
0 32.1552 
1 25.8262 
2 25.626 
3 32.265 
4 34.4845 
5 27.1713 
6 28.2968 
7 29.3526 
8 24.4697 
9 27.5723 
10 24.7653 
11 31.9147 
12 25.7682 
13 30.0242 
14 30.8229 
15 32.5606 
16 30.8512 
17 31.9011 
18 27.7034 
19 29.1458 
20 34.9729 
21 26.836 
22 30.141 
23 32.6807 
24 25.9764 
25 30.7877 
26 21.5786 
27 16.0024 
28 18.9295 
29 21.2283 
30 17.9126 
31 20.9664 
32 14.9198 
33 22.2532 
34 19.0125 
35 19.455 
36 19.2842 
37 18.1539 
38 14.976 
39 12.5307 
40 12.4837 
41 14.3205 
42 22.963 
43 23.1962 
44 20.9316 
45 12.2487 
46 18.8942 
47 20.0286 
48 22.7115 
49 23.1455 
50 18.4587 
51 18.6012 
52 17.8308 
53 21.1188 
54 14.4982 
55 12.119 
56 21.2253 
57 19.8159 
58 13.3154 
59 14.4197 
0 33.5316 
1 35.3441 
2 34.8032 
3 28.5443 
4 32.4861 
5 30.1888 
6 35.2145 
7 35.8373 
8 34.7819 
9 30.1454 
10 29.4062 
11 27.2914 
12 29.0247 
13 24.3026 
14 34.985 
15 25.5574 
16 27.6931 
17 28.7437 
18 29.6526 
19 25.6896 
20 26.5 
21 35.4907 
22 33.6828 
23 31.9984 
24 27.7005 
25 34.3277 
26 33.9208 
27 28.84 
28 17.4846 
29 14.1808 
30 15.4778 
31 11.6198 
32 10.2802 
33 13.2693 
34 12.3913 
35 17.8717 
36 13.8249 
37 16.2265 
38 10.0528 
39 19.7853 
40 15.986 
41 20.2806 
42 19.9828 
43 15.3081 
44 15.6401 
45 8.52301 
46 15.3529 
47 10.737 
48 17.9231 
49 19.8213 
50 11.5562 
51 15.1488 
52 16.3382 
53 17.4747 
54 16.5111 
55 16.5236 
56 17.7608 
57 14.263 
58 18.0219 
59 15.144 
0 28.5778 
1 30.8534 
2 33.1823 
3 33.4085 
4 33.3894 
5 30.7579 
6 30.802 
7 35.7896 
8 30.6797 
9 31.062 
10 24.9041 
11 33.4941 
12 33.9146 
13 30.6452 
14 27.363 
15 31.5394 
16 32.4648 
17 30.0731 
18 28.1679 
19 30.7521 
20 33.2583 
21 34.4904 
22 24.3489 
23 32.7387 
24 35.3353 
25 29.1778 
26 34.6376 
27 27.4901 
28 32.4416 
29 27.4302 
30 14.3078 
31 14.9386 
32 9.24233 
33 16.4453 
34 10.1758 
35 19.9038 
36 9.42484 
37 16.3748 
38 16.2199 
39 10.622 
40 15.914 
41 9.29668 
42 10.9312 
43 13.9516 
44 19.0214 
45 10.1582 
46 9.87505 
47 12.558 
48 12.7541 
49 12.3846 
50 16.1898 
51 16.7009 
52 9.58165 
53 11.2639 
54 12.1004 
55 12.9913 
56 15.1784 
57 15.0433 
58 11.3689 
59 19.1143 
0 33.2069 
1 31.6576 
2 31.9569 
3 30.0918 
4 26.4795 
5 35.0867 
6 27.302 
7 28.6909 
8 24.0672 
9 27.7879 
10 27.4919 
11 24.4473 
12 25.5622 
13 27.5132 
14 31.9712 
15 35.4147 
16 29.9258 
17 28.4316 
18 30.9287 
19 34.5583 
20 28.9604 
21 28.2296 
22 33.8 
23 28.1944 
24 26.1908 
25 27.1272 
26 25.5974 
27 26.0619 
28 31.889 
29 26.2547 
30 33.4401 
31 13.4183 
32 10.7662 
33 18.4694 
34 18.0875 
35 11.4907 
36 11.5646 
37 12.8138 
38 15.2481 
39 11.7665 
40 9.8232 
41 13.4704 
42 12.8094 
43 14.8714 
44 17.9612 
45 18.5112 
46 12.8491 
47 19.6779 
48 18.0243 
49 19.4535 
50 17.2719 
51 12.8869 
52 18.5208 
53 18.7705 
54 12.8821 
55 9.29587 
56 19.339 
57 10.2929 
58 19.6522 
59 10.7809 
0 27.8716 
1 27.0351 
2 28.2645 
3 31.3723 
4 34.9079 
5 24.3547 
6 30.2067 
7 28.6332 
8 31.3477 
9 29.7808 
10 31.127 
11 30.1451 
12 26.8996 
13 28.2241 
14 28.1624 
15 26.427 
16 25.9911 
17 24.2912 
18 32.0388 
19 25.9925 
20 31.4333 
21 26.7832 
22 30.8351 
23 27.1702 
24 18.0266 
25 10.5709 
26 17.142 
27 11.8599 
28 17.0972 
29 13.3703 
30 18.0387 
31 13.4584 
32 11.2103 
33 11.0131 
34 10.6385 
35 13.8579 
36 18.3769 
37 15.2075 
38 9.26989 
39 8.22185 
40 16.8713 
41 13.3214 
42 14.5134 
43 16.5085 
44 8.07055 
45 16.0117 
46 16.2155 
47 9.74617 
48 10.5052 
49 10.3958 
50 15.1428 
51 9.02496 
52 17.0803 
53 11.6774 
54 14.0122 
55 11.6318 
56 13.6148 
57 15.0496 
58 18.8822 
59 18.4548 
0 29.8509 
1 25.7777 
2 28.8859 
3 30.3456 
4 25.2192 
5 26.2419 
6 25.7909 
7 26.3381 
8 24.029 
9 24.1634 
10 28.4092 
11 30.86 
12 28.9116 
13 28.0824 
14 28.002 
15 25.5056 
16 30.4142 
17 25.7292 
18 32.8533 
19 28.8833 
20 28.8396 
21 34.3192 
22 27.1845 
23 34.8657 
24 28.4742 
25 29.1341 
26 30.4943 
27 34.6255 
28 33.1504 
29 24.5082 
30 24.5538 
31 26.565 
32 29.993 
33 33.8554 
34 8.14042 
35 14.0027 
36 7.82791 
37 7.85876 
38 10.0092 
39 6.12952 
40 12.232 
41 10.011 
42 12.1005 
43 14.8451 
44 11.741 
45 11.4403 
46 5.80527 
47 10.0716 
48 5.59265 
49 16.672 
50 12.9455 
51 6.65538 
52 15.1547 
53 10.5637 
54 10.2817 
55 9.57184 
56 9.1488 
57 9.65777 
58 5.58567 
59 9.82632 
0 25.6319 
1 35.9824 
2 25.3374 
3 33.038 
4 25.8299 
5 31.8243 
6 30.7579 
7 31.0036 
8 34.1176 
9 34.2737 
10 32.4012 
11 27.1364 
12 30.614 
13 29.5828 
14 32.9737 
15 26.6495 
16 25.8666 
17 33.8936 
18 27.2029 
19 30.2086 
20 33.2554 
21 27.1188 
22 33.2429 
23 31.4641 
24 29.765 
25 30.0158 
26 31.4127 
27 27.8661 
28 33.3468 
29 7.21769 
30 8.93921 
31 7.27754 
32 17.238 
33 16.2329 
34 11.7896 
35 8.52352 
36 10.5506 
37 13.9565 
38 10.7338 
39 7.35319 
40 14.7802 
41 11.9203 
42 18.6573 
43 9.18488 
44 7.8023 
45 15.8925 
46 13.5603 
47 15.8863 
48 13.9606 
49 13.4119 
50 13.5607 
51 12.8505 
52 11.9824 
53 16.9031 
54 9.2172 
55 11.0882 
56 14.764 
57 12.3386 
58 10.7492 
59 9.34499 
0 35.6754 
1 32.2518 
2 33.3593 
3 31.0572 
4 24.0617 
5 29.028 
6 24.791 
7 27.4603 
8 25.8592 
9 28.45 
10 30.4352 
11 27.9619 
12 28.9479 
13 27.2363 
14 28.649 
15 29.5072 
16 35.8707 
17 31.6073 
18 25.4083 
19 30.5079 
20 32.4538 
21 26.5801 
22 27.5932 
23 34.2766 
24 27.1449 
25 33.9384 
26 27.0156 
27 12.5934 
28 10.9097 
29 4.92989 
30 4.46316 
31 5.0015 
32 11.7723 
33 15.0861 
34 10.5252 
35 13.9345 
36 10.9001 
37 15.1514 
38 8.88485 
39 14.3744 
40 13.3638 
41 13.3539 
42 6.82695 
43 14.9072 
44 4.36401 
45 15.2003 
46 14.2543 
47 8.83894 
48 13.1549 
49 7.69542 
50 8.30023 
51 15.678 
52 14.1644 
53 10.8017 
54 9.08425 
55 5.79139 
56 10.1422 
57 16.0185 
58 12.784 
59 12.4366 
0 24.8141 
1 27.7141 
2 29.1789 
3 27.1889 
4 29.5351 
5 28.6137 
6 33.3024 
7 30.8486 
8 29.4334 
9 35.982 
10 27.3531 
11 32.5929 
12 35.5876 
13 33.9575 
14 24.842 
15 27.9248 
16 31.6007 
17 35.0504 
18 32.099 
19 28.718 
20 27.6388 
21 33.8444 
22 32.2411 
23 34.6053 
24 27.4419 
25 29.2553 
26 28.1992 
27 31.7461 
28 33.5249 
29 28.479 
30 32.3737 
31 31.3818 
32 29.2773 
33 20.8048 
34 13.6481 
35 19.0315 
36 11.863 
37 9.94244 
38 9.24031 
39 14.2793 
40 9.65527 
41 12.398 
42 18.6312 
43 19.3381 
44 17.3023 
45 10.6927 
46 15.8124 
47 16.6534 
48 19.2243 
49 9.61929 
50 9.95896 
51 10.3177 
52 10.5766 
53 19.4648 
54 13.037 
55 10.4316 
56 9.57155 
57 14.5301 
58 9.3178 
59 11.7536 
0 33.9953 
1 33.5187 
2 35.9523 
3 30.899 
4 29.5579 
5 34.1485 
6 27.1048 
7 32.8419 
8 29.397 
9 29.4962 
10 32.8944 
11 26.4615 
12 32.048 
13 33.6212 
14 24.2633 
15 29.4885 
16 30.2012 
17 33.0865 
18 33.3028 
19 24.4579 
20 26.3396 
21 31.8027 
22 32.2595 
23 28.3824 
24 29.783 
25 31.3099 
26 30.2901 
27 26.6084 
28 28.0005 
29 28.1015 
30 34.8649 
31 35.9537 
32 27.3233 
33 31.3694 
34 11.1374 
35 13.8015 
36 22.6181 
37 13.3748 
38 21.2293 
39 16.2031 
40 20.7199 
41 18.0268 
42 13.9044 
43 19.8148 
44 12.2577 
45 13.9414 
46 13.1615 
47 16.3129 
48 17.697 
49 19.4259 
50 19.7879 
51 22.7316 
52 17.9985 
53 13.4578 
54 12.3885 
55 13.6954 
56 15.0273 
57 14.6796 
58 12.7403 
59 21.6696 
0 31.7748 
1 33.5099 
2 25.6154 
3 27.6997 
4 24.8284 
5 33.0674 
6 34.3104 
7 28.609 
8 34.4904 
9 35.7514 
10 25.5625 
11 26.6921 
12 34.9699 
13 30.5953 
14 26.5448 
15 35.8281 
16 29.3379 
17 24.6779 
18 33.3226 
19 33.9619 
20 34.9277 
21 16.2939 
22 8.8783 
23 12.9012 
24 7.9059 
25 6.08339 
26 6.62394 
27 11.3636 
28 9.33549 
29 11.3677 
30 10.1111 
31 15.2907 
32 13.9206 
33 10.5826 
34 15.9774 
35 16.3251 
36 11.8146 
37 11.6747 
38 11.0107 
39 16.201 
40 9.24405 
41 15.829 
42 10.2763 
43 16.1448 
44 13.6753 
45 9.32594 
46 10.8492 
47 6.77156 
48 17.498 
49 7.97347 
50 16.4496 
51 9.99097 
52 6.17777 
53 16.1107 
54 17.548 
55 13.86 
56 10.8007 
57 8.85076 
58 10.0284 
59 8.33224 
0 31.5897 
1 32.146 
2 35.1469 
3 31.8717 
4 31.4891 
5 24.289 
6 25.4035 
7 33.5925 
8 33.9531 
9 26.1912 
10 27.6538 
11 27.811 
12 34.0284 
13 24.5872 
14 27.6935 
15 32.6341 
16 32.865 
17 24.094 
18 29.5839 
19 24.249 
20 34.5036 
21 28.2715 
22 29.7499 
23 34.1878 
24 32.3454 
25 27.5664 
26 30.5817 
27 31.806 
28 9.88283 
29 11.1993 
30 12.8327 
31 9.13407 
32 16.9257 
33 8.5803 
34 15.2912 
35 11.9606 
36 7.85137 
37 7.71733 
38 11.2555 
39 15.7631 
40 9.63165 
41 10.0286 
42 8.1804 
43 17.1945 
44 17.3668 
45 8.85645 
46 11.8981 
47 11.1042 
48 15.4914 
49 17.5996 
50 15.9181 
51 18.1196 
52 16.8659 
53 8.0941 
54 19.3336 
55 14.3875 
56 10.3279 
57 15.3144 
58 15.0404 
59 10.5321 
0 32.7497 
1 31.8846 
2 33.8753 
3 31.0756 
4 31.9044 
5 28.2462 
6 24.1403 
7 35.2064 
8 30.928 
9 31.9213 
10 26.2228 
11 27.8242 
12 26.1369 
13 25.6011 
14 26.7218 
15 34.5432 
16 26.5716 
17 31.3594 
18 34.4389 
19 26.4975 
20 35.9666 
21 13.5685 
22 15.1072 
23 18.3347 
24 15.9283 
25 11.1845 
26 13.6592 
27 9.95838 
28 14.2798 
29 14.5101 
30 13.736 
31 12.1184 
32 11.2767 
33 17.2462 
34 11.8672 
35 12.0798 
36 12.2755 
37 11.6259 
38 12.4632 
39 11.1665 
40 11.7578 
41 12.8242 
42 16.2569 
43 18.8183 
44 12.6674 
45 20.4976 
46 16.8577 
47 10.2878 
48 10.4266 
49 14.0977 
50 16.3168 
51 19.8285 
52 15.7032 
53 12.414 
54 16.4615 
55 17.7787 
56 15.535 
57 17.2301 
58 20.9724 
59 20.155 
0 31.2889 
1 33.294 
2 29.7194 
3 33.7747 
4 33.641 
5 27.8815 
6 27.9818 
7 35.7793 
8 28.1569 
9 33.9311 
10 31.3848 
11 25.9933 
12 29.4774 
13 25.9264 
14 31.1696 
15 27.9017 
16 29.6673 
17 26.6219 
18 28.4114 
19 28.8153 
20 29.0103 
21 34.2098 
22 25.3881 
23 25.3121 
24 33.5473 
25 25.1909 
26 30.5137 
27 27.9983 
28 30.2673 
29 24.2919 
30 13.3001 
31 14.704 
32 11.7883 
33 16.9697 
34 17.1706 
35 8.34191 
36 8.66543 
37 16.0932 
38 16.4347 
39 14.6526 
40 7.43488 
41 9.00842 
42 15.2354 
43 9.29962 
44 14.5538 
45 13.5531 
46 10.8772 
47 10.3613 
48 11.9877 
49 17.3494 
50 17.3274 
51 15.3573 
52 15.2677 
53 15.7146 
54 13.151 
55 8.52479 
56 17.0693 
57 7.94935 
58 14.318 
59 14.6515 
0 24.7289 
1 35.5575 
2 32.6528 
3 27.1184 
4 25.427 
5 33.8609 
6 26.7005 
7 35.4462 
8 24.6357 
9 24.9768 
10 35.5406 
11 24.5949 
12 27.2224 
13 31.9349 
14 27.5999 
15 30.8861 
16 33.2319 
17 34.4177 
18 34.1287 
19 31.6224 
20 35.978 
21 30.1399 
22 26.7376 
23 31.2012 
24 29.9354 
25 30.7234 
26 27.5356 
27 27.0152 
28 30.314 
29 34.5656 
30 35.6005 
31 33.0009 
32 9.33617 
33 6.57064 
34 14.7383 
35 13.2247 
36 7.33519 
37 7.02857 
38 11.1271 
39 15.1915 
40 14.6194 
41 9.94943 
42 11.8296 
43 10.0945 
44 10.7926 
45 6.60883 
46 6.07967 
47 14.7049 
48 10.1775 
49 6.80566 
50 16.7551 
51 14.1442 
52 10.4602 
53 7.92311 
54 14.204 
55 11.3327 
56 14.3072 
57 9.7941 
58 5.51305 
59 7.36751 
0 29.5777 
1 24.665 
2 32.2536 
3 25.4307 
4 32.6352 
5 25.3323 
6 26.6073 
7 35.8399 
8 25.2504 
9 35.3937 
10 34.8881 
11 33.4438 
12 32.9062 
13 24.2123 
14 29.621 
15 31.6455 
16 35.9368 
17 31.2599 
18 29.1789 
19 28.2381 
20 32.651 
21 32.4035 
22 31.1358 
23 32.3609 
24 32.1589 
25 29.1088 
26 34.9556 
27 28.0262 
28 32.9341 
29 4.45398 
30 12.9926 
31 14.4706 
32 5.53103 
33 14.0861 
34 12.2078 
35 9.41328 
36 4.69965 
37 10.841 
38 7.8783 
39 14.0424 
40 11.1212 
41 5.12635 
42 13.6301 
43 15.3806 
44 10.1029 
45 15.3872 
46 8.91753 
47 12.8163 
48 15.7522 
49 4.59352 
50 10.732 
51 15.0508 
52 9.44522 
53 12.1953 
54 16.1731 
55 15.3516 
56 15.569 
57 6.61212 
58 13.2889 
59 14.6796 
0 29.5329 
1 27.7688 
2 35.3357 
3 35.4183 
4 28.4147 
5 35.328 
6 33.6314 
7 33.291 
8 33.8852 
9 29.3816 
10 32.9778 
11 27.9524 
12 31.4924 
13 32.2103 
14 35.78 
15 27.0714 
16 31.7939 
17 25.7538 
18 25.2915 
19 34.9464 
20 33.3718 
21 33.9917 
22 32.8507 
23 26.781 
24 29.303 
25 26.8173 
26 30.6599 
27 25.1744 
28 31.8897 
29 33.8628 
30 9.51695 
31 17.0233 
32 8.78178 
33 16.9447 
34 17.4827 
35 8.7502 
36 14.8626 
37 18.6556 
38 13.1484 
39 17.8763 
40 15.5886 
41 15.0998 
42 19.7921 
43 10.4137 
44 11.4037 
45 14.7061 
46 12.9336 
47 15.2753 
48 19.076 
49 11.6163 
50 15.1806 
51 15.7105 
52 13.8454 
53 10.3417 
54 11.7379 
55 17.779 
56 14.2945 
57 19.3228 
58 19.3573 
59 19.4837 
0 25.2816 
1 34.8095 
2 27.1148 
3 34.1062 
4 35.9982 
5 31.9404 
6 27.15 
7 26.4593 
8 24.8993 
9 24.4884 
10 34.8054 
11 25.2441 
12 30.3408 
13 30.249 
14 25.2783 
15 25.1332 
16 24.7392 
17 28.0269 
18 31.0433 
19 28.0515 
20 35.1818 
21 24.4891 
22 27.0288 
23 34.1775 
24 27.5319 
25 24.307 
26 33.728 
27 28.9233 
28 31.2203 
29 24.2938 
30 27.9924 
31 29.4484 
32 25.2805 
33 6.39126 
34 7.8818 
35 12.1342 
36 7.20502 
37 10.8188 
38 14.6206 
39 9.90334 
40 14.5847 
41 15.2203 
42 16.4839 
43 11.9668 
44 7.36219 
45 10.3029 
46 7.51238 
47 11.3663 
48 14.736 
49 9.84018 
50 9.28274 
51 13.3923 
52 9.32754 
53 16.1846 
54 7.41176 
55 4.9591 
56 12.5837 
57 12.4063 
58 12.7394 
59 7.20648 
0 24.9092 
1 29.6467 
2 27.2106 
3 26.2562 
4 26.8518 
5 34.8227 
6 26.919 
7 29.2028 
8 24.8872 
9 28.9512 
10 29.1833 
11 27.8727 
12 25.9573 
13 30.2009 
14 24.9566 
15 27.3424 
16 26.8709 
17 30.0786 
18 27.7398 
19 29.0687 
20 35.7679 
21 18.8752 
22 15.1652 
23 13.4782 
24 21.9426 
25 13.2659 
26 10.6447 
27 21.9154 
28 14.9397 
29 18.6644 
30 19.585 
31 20.8644 
32 10.2786 
33 16.0674 
34 16.6965 
35 14.213 
36 13.6923 
37 14.2952 
38 11.764 
39 14.2809 
40 13.6107 
41 14.011 
42 14.6959 
43 21.8317 
44 18.5576 
45 11.3421 
46 14.1315 
47 13.5388 
48 12.0343 
49 20.4197 
50 19.6229 
51 15.4858 
52 10.2716 
53 15.9408 
54 18.8583 
55 10.3961 
56 17.161 
57 15.7325 
58 20.2651 
59 21.9011 
0 24.495 
1 29.9622 
2 30.0562 
3 27.3795 
4 27.6645 
5 28.6523 
6 30.1895 
7 24.1036 
8 28.7511 
9 31.5199 
10 27.3865 
11 26.7938 
12 26.8625 
13 27.5003 
14 29.8884 
15 31.4369 
16 26.0531 
17 34.4004 
18 32.7409 
19 33.8411 
20 29.8796 
21 26.4912 
22 31.9621 
23 19.2107 
24 15.9762 
25 20.2646 
26 23.4289 
27 20.6458 
28 18.9415 
29 17.9713 
30 21.5238 
31 19.6517 
32 20.9267 
33 18.2276 
34 16.5245 
35 16.1536 
36 24.0407 
37 15.0655 
38 19.2434 
39 17.0397 
40 15.9946 
41 14.2183 
42 15.6376 
43 12.8567 
44 17.4418 
45 18.9485 
46 22.8568 
47 21.7526 
48 23.8656 
49 19.3818 
50 14.4552 
51 20.5316 
52 21.3788 
53 12.7891 
54 17.473 
55 21.92 
56 21.1621 
57 16.0923 
58 16.2645 
59 21.6531 
0 29.2465 
1 34.0574 
2 35.0592 
3 32.2782 
4 26.7112 
5 34.609 
6 26.485 
7 30.6537 
8 29.3269 
9 33.7467 
10 31.5478 
11 34.0042 
12 30.1417 
13 27.8668 
14 32.1589 
15 32.8915 
16 25.9852 
17 30.6951 
18 28.6512 
19 28.1298 
20 27.0156 
21 28.0938 
22 32.4688 
23 24.1495 
24 30.0088 
25 29.6265 
26 33.3046 
27 26.7993 
28 26.4468 
29 27.7365 
30 26.8059 
31 27.9208 
32 26.2411 
33 30.3705 
34 26.5096 
35 9.82493 
36 20.417 
37 10.6593 
38 10.4154 
39 20.1614 
40 15.9773 
41 19.6859 
42 10.6218 
43 14.796 
44 19.5482 
45 18.5611 
46 9.03834 
47 11.126 
48 17.3897 
49 11.3555 
50 14.6608 
51 8.80112 
52 8.86832 
53 11.0437 
54 9.48525 
55 17.1142 
56 10.014 
57 12.293 
58 19.622 
59 17.646 
0 26.1783 
1 29.9534 
2 26.2624 
3 28.3413 
4 25.4142 
5 29.1007 
6 24.8358 
7 24.6676 
8 35.7833 
9 25.3576 
10 34.1867 
11 26.3421 
12 25.7399 
13 34.6574 
14 32.0417 
15 29.6122 
16 31.7439 
17 34.4691 
18 24.0048 
19 29.1668 
20 29.2164 
21 33.5495 
22 28.3207 
23 35.2593 
24 27.074 
25 24.4979 
26 27.1996 
27 34.7313 
28 29.7327 
29 33.0619 
30 24.9559 
31 28.6762 
32 33.919 
33 10.652 
34 18.0732 
35 16.5279 
36 12.8006 
37 14.0455 
38 18.8469 
39 12.5777 
40 8.0323 
41 10.359 
42 10.6741 
43 13.5946 
44 18.2616 
45 15.2485 
46 11.9759 
47 14.8244 
48 8.49757 
49 10.7093 
50 18.5326 
51 17.1111 
52 17.67 
53 14.2699 
54 14.0066 
55 14.878 
56 15.7013 
57 9.91834 
58 10.1982 
59 15.2467 
0 32.9043 
1 32.7519 
2 26.1078 
3 25.2695 
4 29.8061 
5 28.5517 
6 30.2365 
7 28.7346 
8 24.6213 
9 26.6168 
10 33.9135 
11 31.4421 
12 25.4131 
13 27.6046 
14 26.8056 
15 35.3258 
16 35.3632 
17 25.1024 
18 24.7741 
19 33.0204 
20 34.1297 
21 32.9715 
22 25.4402 
23 28.3549 
24 26.1637 
25 32.1548 
26 24.8773 
27 29.8939 
28 25.4986 
29 35.8586 
30 28.1261 
31 10.6824 
32 16.808 
33 16.5986 
34 12.0962 
35 19.2276 
36 16.0853 
37 15.4985 
38 15.3527 
39 15.0651 
40 19.3917 
41 10.2094 
42 13.8783 
43 9.6806 
44 9.80765 
45 16.9211 
46 8.65055 
47 13.9429 
48 15.6049 
49 14.8701 
50 8.19372 
51 13.1692 
52 18.0877 
53 13.7332 
54 8.39496 
55 11.1216 
56 13.6341 
57 19.4215 
58 12.3984 
59 13.9594 
0 27.4537 
1 27.905 
2 29.5909 
3 31.2956 
4 24.4315 
5 24.7458 
6 34.8767 
7 30.2938 
8 24.1645 
9 31.8133 
10 29.5836 
11 26.6682 
12 32.9433 
13 25.1446 
14 34.703 
15 31.9297 
16 27.4269 
17 35.1649 
18 35.6265 
19 34.3732 
20 34.8414 
21 33.9516 
22 33.0722 
23 34.3189 
24 28.7551 
25 26.7993 
26 34.6182 
27 28.8972 
28 9.09692 
29 11.3142 
30 9.56218 
31 9.70026 
32 13.9416 
33 13.3313 
34 14.8909 
35 17.132 
36 13.4499 
37 10.1516 
38 12.5675 
39 16.8456 
40 20.2171 
41 19.7158 
42 16.2272 
43 12.2399 
44 17.4732 
45 9.77994 
46 15.2993 
47 14.0015 
48 18.1944 
49 16.8831 
50 16.6921 
51 18.8246 
52 10.1189 
53 18.0075 
54 10.1721 
55 12.5025 
56 20.1701 
57 9.54309 
58 9.72266 
59 9.80308 
0 31.6011 
1 32.4457 
2 32.6017 
3 34.3523 
4 33.6953 
5 30.2413 
6 25.7784 
7 26.5257 
8 35.01 
9 28.8906 
10 33.2627 
11 32.3443 
12 33.6351 
13 31.0495 
14 26.2217 
15 26.4181 
16 26.2617 
17 26.3675 
18 30.3536 
19 25.925 
20 33.5132 
21 31.3139 
22 31.9804 
23 30.8942 
24 27.9065 
25 24.0191 
26 30.6298 
27 30.4102 
28 25.0348 
29 27.2025 
30 32.4141 
31 29.9963 
32 26.9954 
33 32.7226 
34 25.196 
35 25.34 
36 30.5167 
37 32.8456 
38 30.6779 
39 14.3819 
40 9.80343 
41 12.6068 
42 14.0738 
43 6.6872 
44 12.0148 
45 9.57943 
46 8.88061 
47 15.2912 
48 12.1349 
49 12.6674 
50 10.2588 
51 12.5344 
52 12.6325 
53 9.32421 
54 5.0887 
55 15.5699 
56 10.6076 
57 12.9777 
58 5.07878 
59 7.77564 
0 31.08 
1 24.2622 
2 33.9913 
3 28.2289 
4 31.5721 
5 32.7692 
6 33.1654 
7 33.3571 
8 30.7264 
9 32.5129 
10 28.1419 
11 24.0867 
12 28.0802 
13 33.1375 
14 31.4065 
15 25.2228 
16 33.1735 
17 24.9001 
18 33.6039 
19 30.1726 
20 31.3859 
21 28.5197 
22 35.989 
23 31.4388 
24 26.3157 
25 35.7209 
26 25.7461 
27 29.9905 
28 25.2181 
29 24.3445 
30 28.4169 
31 29.8898 
32 32.5489 
33 33.3689 
34 13.7694 
35 15.6286 
36 11.4497 
37 9.48944 
38 11.5455 
39 20.4175 
40 16.196 
41 17.8426 
42 15.8445 
43 13.1003 
44 17.1992 
45 18.0971 
46 15.557 
47 17.8224 
48 11.6917 
49 20.1381 
50 18.4022 
51 13.6163 
52 13.8836 
53 13.0904 
54 15.8827 
55 10.9624 
56 19.3199 
57 19.6104 
58 14.4432 
59 13.9644 
0 26.7376 
1 34.9821 
2 33.457 
3 29.3173 
4 35.559 
5 30.0481 
6 28.9086 
7 25.4538 
8 25.5262 
9 34.606 
10 26.1688 
11 29.4738 
12 24.4913 
13 33.4243 
14 28.3993 
15 33.1423 
16 35.3559 
17 29.0636 
18 24.2108 
19 27.601 
20 27.2627 
21 12.4383 
22 16.5042 
23 19.8161 
24 19.3042 
25 11.2228 
26 14.3699 
27 19.5169 
28 16.17 
29 8.86786 
30 19.9748 
31 8.98611 
32 11.1659 
33 18.4354 
34 16.3713 
35 14.465 
36 17.423 
37 19.7875 
38 12.2276 
39 14.7724 
40 17.8291 
41 11.4098 
42 20.2241 
43 13.6366 
44 14.2737 
45 14.5969 
46 9.90416 
47 20.2003 
48 15.4345 
49 9.31514 
50 17.3532 
51 16.2952 
52 16.1249 
53 15.7117 
54 10.4814 
55 19.1599 
56 15.2119 
57 11.7854 
58 17.1751 
59 17.3624 
0 34.179 
1 27.0398 
2 29.3324 
3 31.8299 
4 25.8882 
5 28.2443 
6 33.851 
7 26.0531 
8 31.6576 
9 34.3626 
10 27.1225 
11 30.3713 
12 33.3303 
13 24.2152 
14 28.884 
15 26.7317 
16 27.7743 
17 28.6641 
18 32.5742 
19 35.4595 
20 14.8257 
21 16.1066 
22 11.6691 
23 17.7811 
24 17.9148 
25 13.6146 
26 10.0265 
27 16.432 
28 9.32295 
29 15.2855 
30 10.7015 
31 16.7353 
32 15.4596 
33 17.8777 
34 18.0642 
35 15.6215 
36 9.39089 
37 12.0668 
38 11.5861 
39 9.60608 
40 10.2741 
41 16.5601 
42 13.4619 
43 16.035 
44 9.08389 
45 19.6345 
46 12.8002 
47 19.2449 
48 11.314 
49 14.9928 
50 15.9961 
51 19.4938 
52 12.0114 
53 11.9761 
54 17.5942 
55 19.5911 
56 13.3297 
57 14.4956 
58 16.8671 
59 18.7888 
0 34.2888 
1 32.7982 
2 32.1346 
3 28.6556 
4 27.8811 
5 32.3877 
6 28.4602 
7 29.2266 
8 24.741 
9 24.1157 
10 27.8782 
11 29.7268 
12 30.6665 
13 33.1585 
14 25.7013 
15 30.2416 
16 33.1856 
17 31.2937 
18 32.7586 
19 33.2848 
20 34.0706 
21 27.3854 
22 34.0736 
23 30.8861 
24 29.4121 
25 26.3733 
26 29.1686 
27 35.6023 
28 26.3855 
29 34.6347 
30 29.5197 
31 35.5032 
32 35.4084 
33 30.8641 
34 7.32031 
35 16.1806 
36 10.7828 
37 12.4482 
38 6.25941 
39 12.3222 
40 13.7063 
41 10.6657 
42 11.4412 
43 7.07317 
44 5.2602 
45 4.2577 
46 5.68838 
47 14.6764 
48 12.4753 
49 9.69585 
50 13.9075 
51 8.19539 
52 14.9203 
53 12.9557 
54 9.31468 
55 15.8391 
56 6.18927 
57 9.16926 
58 12.5833 
59 11.525 
0 26.529 
1 28.9472 
2 27.3931 
3 35.8638 
4 26.5434 
5 25.9661 
6 24.0228 
7 25.9705 
8 34.378 
9 24.7767 
10 30.1417 
11 32.138 
12 26.2775 
13 30.6827 
14 29.1859 
15 27.7978 
16 27.9436 
17 26.3025 
18 32.5059 
19 35.101 
20 26.9389 
21 25.2864 
22 28.0192 
23 33.7754 
24 31.0168 
25 10.786 
26 12.4528 
27 18.9093 
28 19.1935 
29 19.9155 
30 17.9321 
31 14.6315 
32 12.2079 
33 14.2401 
34 12.1256 
35 11.6416 
36 12.2064 
37 11.0978 
38 12.8722 
39 17.6027 
40 11.201 
41 19.5343 
42 19.741 
43 19.8784 
44 10.6777 
45 18.0111 
46 10.2051 
47 16.558 
48 14.2588 
49 20.0388 
50 21.0153 
51 20.5236 
52 17.0056 
53 17.5249 
54 18.8267 
55 9.86283 
56 11.2895 
57 18.8145 
58 16.2135 
59 20.5375 
0 27.5947 
1 33.8099 
2 33.0553 
3 29.3985 
4 29.1936 
5 35.8311 
6 26.2125 
7 29.3493 
8 27.4515 
9 33.0241 
10 27.6399 
11 31.0304 
12 25.5056 
13 26.7714 
14 30.8927 
15 30.5853 
16 26.2834 
17 28.2039 
18 33.0887 
19 35.3724 
20 29.6177 
21 11.7066 
22 21.4985 
23 17.4826 
24 18.8039 
25 13.4076 
26 20.4204 
27 13.1799 
28 16.6494 
29 9.61603 
30 12.289 
31 18.2743 
32 15.9509 
33 13.669 
34 13.5537 
35 12.5905 
36 19.8005 
37 14.1101 
38 10.9718 
39 16.2366 
40 20.713 
41 13.2603 
42 15.8727 
43 18.5696 
44 10.6685 
45 16.642 
46 13.1516 
47 18.3988 
48 18.4407 
49 12.7455 
50 11.4433 
51 13.3503 
52 10.6384 
53 12.7029 
54 9.83893 
55 10.9751 
56 16.3196 
57 20.8867 
58 15.3906 
59 19.8545 
0 35.6838 
1 28.1033 
2 24.0815 
3 33.7974 
4 24.9717 
5 28.8807 
6 35.8513 
7 27.6538 
8 30.2916 
9 33.6623 
10 27.0854 
11 26.3355 
12 29.4077 
13 25.0961 
14 31.2776 
15 27.1603 
16 31.7817 
17 24.6973 
18 32.7262 
19 32.9848 
20 35.2439 
21 25.7972 
22 24.7925 
23 29.3482 
24 35.8935 
25 31.5243 
26 29.8241 
27 28.4841 
28 29.9409 
29 32.7373 
30 34.4992 
31 30.1535 
32 24.4069 
33 31.575 
34 28.9744 
35 32.0465 
36 14.3751 
37 12.6632 
38 14.2782 
39 18.8622 
40 10.3085 
41 10.1668 
42 16.3376 
43 9.0666 
44 14.002 
45 17.3434 
46 8.21723 
47 17.2898 
48 13.6076 
49 18.1079 
50 18.5765 
51 10.3225 
52 16.6335 
53 7.59369 
54 15.0651 
55 15.4893 
56 11.9001 
57 17.5343 
58 10.1738 
59 15.1845 
0 30.38374807692308 
1 30.451909615384604 
2 30.30638461538462 
3 29.636725000000006 
4 28.94944423076923 
5 29.829417307692307 
6 29.149749999999997 
7 29.824238461538457 
8 29.213053846153848 
9 29.752646153846154 
10 29.424953846153844 
11 29.20661346153846 
12 29.374763461538464 
13 29.17373461538462 
14 28.857334615384616 
15 29.111592307692305 
16 29.212992307692307 
17 29.274028846153843 
18 29.98938076923078 
19 30.032484615384615 
20 30.35776346153846 
21 27.495605576923083 
22 27.76014615384615 
23 27.574619423076914 
24 26.02701346153846 
25 24.880472884615383 
26 24.517470000000007 
27 23.948493846153845 
28 22.651377500000002 
29 21.549627884615386 
30 21.598690384615377 
31 21.123803461538465 
32 18.920678653846153 
33 18.32005480769231 
34 16.026243846153847 
35 15.178393269230773 
36 14.005892884615385 
37 14.059459615384613 
38 14.246837884615386 
39 15.216344807692307 
40 14.853755769230768 
41 13.917988653846155 
42 14.24661038461539 
43 15.095795576923077 
44 14.348447884615382 
45 13.793212692307698 
46 13.023314615384619 
47 14.38535423076923 
48 15.450605961538455 
49 13.931512499999997 
50 15.279484999999996 
51 14.930135576923076 
52 14.586311153846152 
53 14.080306153846156 
54 13.967937692307695 
55 13.84845192307692 
56 14.486358653846157 
57 14.533050000000003 
58 13.528483269230769 
59 14.48913076923077 
0 33.9193 
1 27.1004 
2 34.7235 
3 24.78 
4 26.3807 
5 32.5125 
6 28.1004 
7 33.5069 
8 28.6666 
9 27.3266 
10 30.1113 
11 33.5415 
12 29.8447 
13 33.6994 
14 24.2585 
15 26.7439 
16 28.8488 
17 35.2567 
18 28.1301 
19 24.8692 
20 31.5027 
21 29.646 
22 33.5128 
23 18.0535 
24 17.8258 
25 17.4362 
26 20.761 
27 13.5246 
28 17.4479 
29 21.5674 
30 19.7948 
31 17.1343 
32 19.8327 
33 12.962 
34 19.6263 
35 18.157 
36 18.9025 
37 10.3029 
38 16.9959 
39 18.4111 
40 15.036 
41 13.0009 
42 18.0491 
43 16.4091 
44 15.9915 
45 17.9749 
46 13.5635 
47 17.0069 
48 21.4976 
49 13.2381 
50 11.7259 
51 12.7791 
52 20.4628 
53 17.8515 
54 16.0404 
55 21.7301 
56 11.7116 
57 15.205 
58 10.3966 
59 19.269 
0 33.5073 
1 31.6525 
2 27.3711 
3 27.3017 
4 31.156 
5 35.7246 
6 30.798 
7 34.2307 
8 31.0572 
9 33.7688 
10 32.4468 
11 26.7314 
12 34.6332 
13 27.1871 
14 29.1547 
15 29.223 
16 26.1163 
17 29.187 
18 29.4337 
19 34.1999 
20 28.0783 
21 26.0432 
22 26.8063 
23 29.5865 
24 32.8952 
25 33.7956 
26 35.7672 
27 30.7282 
28 28.6174 
29 28.1562 
30 26.8114 
31 30.1417 
32 15.9122 
33 9.7892 
34 9.14326 
35 9.88358 
36 11.5096 
37 12.381 
38 18.8584 
39 19.4768 
40 14.0321 
41 9.82629 
42 15.5516 
43 14.0159 
44 16.889 
45 16.2853 
46 15.6893 
47 13.9289 
48 20.0482 
49 10.546 
50 20.494 
51 16.2842 
52 12.0513 
53 9.52664 
54 13.529 
55 9.55161 
56 11.4674 
57 11.6033 
58 11.8934 
59 20.0655 
0 24.4135 
1 33.0384 
2 34.179 
3 29.7543 
4 28.5208 
5 26.0061 
6 26.9256 
7 29.606 
8 30.5064 
9 27.4845 
10 24.1799 
11 32.9826 
12 34.3225 
13 24.235 
14 27.6861 
15 34.2586 
16 27.9432 
17 24.7275 
18 28.6795 
19 27.8411 
20 33.5591 
21 24.3702 
22 29.4694 
23 35.1745 
24 28.0655 
25 20.0581 
26 13.8429 
27 21.0595 
28 15.6177 
29 19.5039 
30 14.8168 
31 20.7911 
32 18.7335 
33 20.5498 
34 12.7691 
35 11.0887 
36 12.7658 
37 18.4809 
38 9.25485 
39 19.0449 
40 19.7114 
41 16.5269 
42 9.53614 
43 14.0963 
44 13.1477 
45 9.09695 
46 14.2237 
47 12.8183 
48 14.4686 
49 13.4481 
50 10.0003 
51 18.0119 
52 12.4107 
53 17.8074 
54 18.4651 
55 12.0534 
56 20.6034 
57 20.798 
58 15.4598 
59 13.9105 
0 35.4855 
1 25.5996 
2 29.9137 
3 30.1998 
4 27.6538 
5 28.6468 
6 26.5819 
7 32.9414 
8 34.728 
9 29.0474 
10 34.7059 
11 34.7643 
12 28.8161 
13 30.2714 
14 25.784 
15 25.0345 
16 35.436 
17 29.075 
18 24.2666 
19 24.6254 
20 28.1624 
21 26.218 
22 28.7728 
23 28.9663 
24 28.8018 
25 34.2917 
26 26.2114 
27 33.3634 
28 32.9198 
29 31.8912 
30 34.5039 
31 32.6862 
32 24.3272 
33 35.9809 
34 31.3899 
35 10.8316 
36 20.2375 
37 10.0512 
38 14.8765 
39 10.5698 
40 19.6034 
41 14.5442 
42 10.6671 
43 16.4702 
44 19.0074 
45 10.352 
46 13.4726 
47 12.1958 
48 10.684 
49 16.6201 
50 20.4344 
51 17.0688 
52 18.7441 
53 9.5992 
54 11.1951 
55 12.0023 
56 10.0171 
57 17.1489 
58 14.8504 
59 10.8903 
0 31.0216 
1 28.1397 
2 26.7303 
3 26.5702 
4 29.5608 
5 26.9657 
6 28.0493 
7 25.6731 
8 33.7207 
9 26.2746 
10 30.4102 
11 31.1009 
12 24.0187 
13 35.6589 
14 25.2526 
15 25.9319 
16 28.6178 
17 32.4225 
18 33.6656 
19 33.7453 
20 35.1183 
21 29.1635 
22 25.477 
23 31.947 
24 35.4907 
25 30.73 
26 25.8203 
27 24.6514 
28 25.5284 
29 31.3429 
30 29.0048 
31 31.8251 
32 26.8908 
33 28.194 
34 31.4289 
35 16.9348 
36 8.06973 
37 16.6039 
38 14.7428 
39 10.3421 
40 8.15492 
41 10.3953 
42 17.6887 
43 16.7905 
44 14.1377 
45 15.7608 
46 6.7874 
47 13.0624 
48 16.6601 
49 15.0205 
50 9.89077 
51 9.21618 
52 11.5499 
53 8.87687 
54 18.2204 
55 9.47691 
56 10.3424 
57 16.4302 
58 11.8976 
59 15.366 
0 24.5383 
1 24.2802 
2 28.2814 
3 27.1316 
4 26.6623 
5 32.11 
6 32.81 
7 30.4829 
8 35.8586 
9 25.3866 
10 31.3007 
11 25.4285 
12 26.8658 
13 30.8516 
14 24.4781 
15 25.6653 
16 25.2959 
17 30.2629 
18 29.657 
19 25.2948 
20 25.0223 
21 35.2641 
22 26.1089 
23 9.59991 
24 12.675 
25 16.5749 
26 19.7601 
27 13.3489 
28 18.1374 
29 7.99333 
30 16.7511 
31 16.3406 
32 15.3491 
33 9.47579 
34 9.94326 
35 16.609 
36 12.3313 
37 8.64478 
38 19.4568 
39 10.8356 
40 10.349 
41 9.7255 
42 14.5746 
43 18.9589 
44 15.8224 
45 17.3644 
46 11.9145 
47 13.762 
48 12.4022 
49 19.6283 
50 19.6441 
51 11.5238 
52 15.4185 
53 12.6699 
54 13.1164 
55 8.23496 
56 12.0419 
57 19.3096 
58 12.9985 
59 17.4599 
0 34.3354 
1 30.9375 
2 31.9529 
3 31.1457 
4 24.5189 
5 24.3933 
6 27.6961 
7 29.8744 
8 26.7666 
9 33.0887 
10 31.3705 
11 26.2327 
12 26.3833 
13 35.6614 
14 32.6631 
15 27.685 
16 29.2769 
17 31.7612 
18 34.6501 
19 24.9401 
20 33.4339 
21 26.8485 
22 28.7144 
23 26.5812 
24 34.8249 
25 34.0258 
26 8.8228 
27 12.6338 
28 12.6937 
29 6.27907 
30 13.6444 
31 16.6505 
32 18.0782 
33 7.97526 
34 9.27375 
35 9.20801 
36 12.8791 
37 12.7293 
38 6.97605 
39 17.8322 
40 13.3297 
41 6.32571 
42 12.1314 
43 11.8421 
44 16.7155 
45 10.4253 
46 9.44524 
47 14.3998 
48 15.6964 
49 11.0276 
50 10.6075 
51 15.1897 
52 9.07618 
53 17.9085 
54 9.84551 
55 15.013 
56 13.9132 
57 11.7426 
58 11.6989 
59 10.1521 
