0 30.33904948453609 
1 29.55423608247422 
2 29.5898855670103 
3 28.444744329896913 
4 29.13358144329898 
5 28.255847422680407 
6 28.555509278350524 
7 26.66923505154638 
8 26.67929999999999 
9 27.17725670103093 
10 26.761002061855674 
11 26.518617525773205 
12 26.174018556701032 
13 26.145558762886605 
14 25.182395876288663 
15 24.49942164948453 
16 24.474099999999993 
17 23.54805670103093 
18 24.014358762886605 
19 23.847656701030925 
20 23.236468041237117 
21 21.729676288659796 
22 21.738702371134025 
23 21.508944329896906 
24 21.154263298969077 
25 20.06204680412371 
26 20.789267010309278 
27 20.36454639175258 
28 20.32413505154638 
29 20.386767010309274 
30 19.65545288659793 
31 18.618470412371135 
32 18.51807742268041 
33 18.09251474226804 
34 17.824751443298968 
35 17.492017628865984 
36 16.885933608247413 
37 16.510651649484533 
38 15.257319793814435 
39 14.988530515463916 
40 15.741486494845363 
41 14.82110567010309 
42 14.949683505154638 
43 14.271371649484538 
44 13.026553814432988 
45 12.949217216494846 
46 12.775346082474222 
47 12.00644505154639 
48 12.238989494845356 
49 12.206194525773197 
50 11.652470783505153 
51 10.799492659793811 
52 10.794544529896907 
53 10.04278809175258 
54 10.376180541237112 
55 9.747307979381448 
56 9.635159537113404 
57 8.997310539175256 
58 8.498290712371132 
59 8.356675086597942 
0 34.7577 
1 27.2329 
2 29.6962 
3 25.8851 
4 26.5402 
5 31.134 
6 25.0374 
7 20.5822 
8 27.2156 
9 21.9477 
10 20.7447 
11 28.9633 
12 19.5801 
13 21.0691 
14 25.2373 
15 18.5355 
16 20.5305 
17 21.009 
18 21.6225 
19 19.681 
20 17.8698 
21 20.0569 
22 15.6248 
23 19.4585 
24 19.6619 
25 20.1131 
26 13.5119 
27 17.3118 
28 14.9623 
29 13.6421 
30 20.6236 
31 18.942 
32 11.7507 
33 15.7699 
34 12.7612 
35 15.3504 
36 11.0575 
37 11.0493 
38 7.15418 
39 12.1079 
40 10.9136 
41 15.3121 
42 4.75046 
43 11.4514 
44 7.40863 
45 1.79781 
46 2.75766 
47 12.27 
48 2.26104 
49 0.280929 
50 5.60738 
51 2.77789 
52 8.24829 
53 -1.94763 
54 4.64022 
55 -1.09838 
56 1.73428 
57 -0.389051 
58 -0.918282 
59 -5.11493 
0 25.5915 
1 29.951 
2 34.1883 
3 25.658 
4 26.8874 
5 23.5727 
6 34.0696 
7 32.1339 
8 24.2264 
9 32.835 
10 28.7364 
11 22.7642 
12 27.0752 
13 31.6947 
14 23.0682 
15 28.1773 
16 30.347 
17 21.6923 
18 23.5198 
19 25.8688 
20 20.7379 
21 26.4841 
22 25.9445 
23 26.3557 
24 26.6097 
25 27.9231 
26 22.3435 
27 18.341 
28 25.2887 
29 17.0434 
30 23.8978 
31 21.4495 
32 21.0116 
33 26.4526 
34 19.4423 
35 19.7804 
36 23.1524 
37 16.6602 
38 23.1757 
39 24.8439 
40 21.3702 
41 24.3354 
42 22.4654 
43 17.0598 
44 12.2025 
45 11.8315 
46 15.6387 
47 14.3779 
48 17.3185 
49 18.4986 
50 10.7862 
51 17.2087 
52 15.5848 
53 17.0231 
54 19.0416 
55 18.0558 
56 17.958 
57 15.1527 
58 9.62487 
59 17.5622 
0 27.6792 
1 33.5059 
2 23.5936 
3 29.5401 
4 31.2456 
5 31.7891 
6 29.9296 
7 27.1186 
8 32.8661 
9 28.0952 
10 20.9018 
11 28.2636 
12 25.396 
13 27.6674 
14 23.3225 
15 23.4474 
16 23.2294 
17 23.878 
18 25.6356 
19 27.3443 
20 24.2763 
21 23.5404 
22 23.8112 
23 20.8636 
24 16.9069 
25 21.5761 
26 14.6181 
27 14.948 
28 18.6867 
29 24.682 
30 22.3914 
31 13.9003 
32 19.4409 
33 13.0709 
34 10.7505 
35 10.9764 
36 20.0395 
37 12.1304 
38 18.0864 
39 10.6113 
40 15.3643 
41 18.6756 
42 19.3187 
43 17.4772 
44 16.5993 
45 13.8059 
46 9.15697 
47 10.8103 
48 9.42373 
49 11.6022 
50 13.9429 
51 12.6735 
52 15.4575 
53 14.6864 
54 9.88177 
55 3.85724 
56 9.13941 
57 6.37396 
58 8.2564 
59 12.6818 
0 34.7265 
1 28.3248 
2 30.3314 
3 33.8817 
4 30.8269 
5 23.0724 
6 25.805 
7 22.7909 
8 23.5405 
9 30.8883 
10 20.3569 
11 23.334 
12 28.8277 
13 21.3817 
14 22.6005 
15 22.6943 
16 28.0091 
17 23.4292 
18 21.3795 
19 26.4769 
20 21.6918 
21 25.0618 
22 16.859 
23 27.0924 
24 23.837 
25 16.8339 
26 18.2734 
27 24.0576 
28 20.4101 
29 21.1149 
30 23.7398 
31 13.8646 
32 19.3345 
33 15.926 
34 15.6037 
35 17.4703 
36 11.6338 
37 16.9222 
38 10.8077 
39 14.9357 
40 18.612 
41 9.54987 
42 19.246 
43 11.6953 
44 8.85937 
45 19.0428 
46 9.75958 
47 9.71633 
48 16.3627 
49 10.2879 
50 13.4978 
51 11.7727 
52 14.8751 
53 13.5205 
54 7.04646 
55 12.578 
56 12.1987 
57 11.4526 
58 5.87131 
59 8.74893 
0 30.3433 
1 33.0853 
2 28.1304 
3 31.2943 
4 28.7193 
5 30.3064 
6 26.441 
7 29.9858 
8 25.7568 
9 26.601 
10 27.6986 
11 27.2333 
12 29.376 
13 31.3729 
14 30.5352 
15 24.8205 
16 23.1368 
17 24.9236 
18 30.3621 
19 29.0235 
20 28.7367 
21 19.1353 
22 19.3182 
23 22.1839 
24 24.3262 
25 21.2555 
26 24.2222 
27 24.8388 
28 24.3507 
29 18.481 
30 21.9615 
31 20.1521 
32 18.9719 
33 22.8251 
34 22.9884 
35 23.7988 
36 18.6096 
37 17.205 
38 17.9684 
39 22.9199 
40 21.9871 
41 22.7311 
42 18.0795 
43 19.1683 
44 20.8626 
45 19.8332 
46 16.3725 
47 19.7898 
48 16.2527 
49 15.4088 
50 16.4616 
51 19.2366 
52 14.9375 
53 12.6949 
54 16.1155 
55 19.8126 
56 17.1546 
57 19.612 
58 19.8272 
59 13.522 
0 35.8083 
1 31.0808 
2 24.7077 
3 33.2497 
4 27.5799 
5 32.1966 
6 33.5506 
7 25.853 
8 30.3115 
9 29.2194 
10 30.36 
11 25.5892 
12 31.2374 
13 30.4145 
14 26.2812 
15 29.5807 
16 25.5277 
17 24.4731 
18 30.356 
19 19.1684 
20 25.7127 
21 25.9389 
22 29.0673 
23 22.7842 
24 24.9736 
25 18.3744 
26 19.9579 
27 16.5939 
28 25.9822 
29 25.7796 
30 21.4923 
31 16.749 
32 24.3571 
33 19.3314 
34 23.4348 
35 25.1986 
36 22.3185 
37 22.3168 
38 16.4964 
39 14.4429 
40 21.7804 
41 24.062 
42 17.4021 
43 22.3031 
44 12.2972 
45 17.6043 
46 11.5379 
47 12.6297 
48 11.3922 
49 12.5637 
50 18.1073 
51 18.2509 
52 16.2639 
53 13.0736 
54 19.4776 
55 17.5233 
56 8.62927 
57 16.7864 
58 7.77301 
59 12.6472 
0 29.8674 
1 27.6615 
2 30.6146 
3 27.4425 
4 26.8339 
5 29.238 
6 28.4998 
7 25.822 
8 32.0613 
9 23.053 
10 23.0456 
11 28.7289 
12 19.4951 
13 24.5965 
14 29.4584 
15 28.1297 
16 26.8267 
17 18.4048 
18 23.9112 
19 23.3849 
20 25.6631 
21 18.1453 
22 17.4871 
23 23.5297 
24 24.4851 
25 17.9577 
26 23.1677 
27 21.4711 
28 15.2007 
29 15.9212 
30 23.0304 
31 15.6819 
32 17.8628 
33 19.7792 
34 12.7465 
35 16.5934 
36 14.8605 
37 11.23 
38 13.9492 
39 17.0092 
40 17.1193 
41 7.53735 
42 11.2326 
43 8.13393 
44 5.48363 
45 16.2809 
46 5.17979 
47 8.50708 
48 13.8853 
49 9.96112 
50 5.81293 
51 6.93985 
52 13.2383 
53 5.07533 
54 1.43684 
55 3.34116 
56 7.06579 
57 11.3905 
58 4.02874 
59 0.398327 
0 33.9818 
1 27.2921 
2 23.285 
3 31.68 
4 27.7519 
5 28.281 
6 22.6567 
7 32.0964 
8 23.9497 
9 29.7642 
10 26.1655 
11 24.6749 
12 25.8071 
13 20.0795 
14 20.5547 
15 19.4376 
16 26.3171 
17 17.2431 
18 26.9638 
19 22.2086 
20 22.8913 
21 14.4566 
22 19.2371 
23 16.465 
24 19.1574 
25 12.3113 
26 15.3255 
27 15.5311 
28 20.2965 
29 10.2174 
30 14.2532 
31 12.5136 
32 10.2589 
33 16.0944 
34 10.6695 
35 10.3584 
36 13.5169 
37 7.01341 
38 12.1457 
39 7.55469 
40 13.1034 
41 8.12204 
42 14.4775 
43 13.5727 
44 8.08824 
45 5.95543 
46 4.55301 
47 5.66201 
48 6.30391 
49 7.85468 
50 6.20659 
51 9.38928 
52 6.85216 
53 -0.304955 
54 9.99592 
55 -2.05036 
56 8.85716 
57 5.35315 
58 6.88335 
59 -2.805 
0 29.3423 
1 32.1281 
2 24.4618 
3 23.8141 
4 31.1505 
5 23.2352 
6 24.2775 
7 32.6208 
8 24.863 
9 23.8676 
10 31.1555 
11 23.5083 
12 20.7931 
13 20.928 
14 24.8368 
15 25.3198 
16 22.1926 
17 18.0894 
18 20.2099 
19 17.9549 
20 21.6848 
21 17.908 
22 26.2025 
23 15.0832 
24 19.3471 
25 23.2372 
26 18.9841 
27 19.6937 
28 13.1753 
29 13.186 
30 15.594 
31 15.2941 
32 14.9552 
33 11.3228 
34 15.2279 
35 17.2055 
36 18.2125 
37 8.84884 
38 14.6275 
39 9.84824 
40 7.3641 
41 16.8686 
42 9.20517 
43 11.0579 
44 6.93668 
45 10.479 
46 5.8477 
47 5.09316 
48 7.2852 
49 2.71047 
50 7.16458 
51 9.4418 
52 6.34036 
53 11.0354 
54 5.16252 
55 5.05686 
56 3.80988 
57 10.0843 
58 4.27351 
59 7.15775 
0 32.9877 
1 30.0992 
2 32.9225 
3 30.8276 
4 30.0797 
5 31.8821 
6 22.9249 
7 29.6492 
8 20.6227 
9 20.459 
10 26.6401 
11 29.3238 
12 25.9007 
13 24.6276 
14 22.6646 
15 25.4427 
16 18.3238 
17 26.9977 
18 20.7065 
19 26.0177 
20 24.8857 
21 16.1136 
22 21.0374 
23 18.2095 
24 17.9033 
25 14.9117 
26 20.8714 
27 22.8849 
28 23.5985 
29 21.2084 
30 19.9258 
31 19.2741 
32 18.7134 
33 18.5303 
34 19.5185 
35 9.35252 
36 9.62068 
37 17.0496 
38 15.5772 
39 16.2489 
40 8.5157 
41 18.2108 
42 16.02 
43 9.53904 
44 12.3627 
45 7.20407 
46 10.6869 
47 8.99224 
48 12.0358 
49 11.2703 
50 8.50924 
51 10.6649 
52 4.96722 
53 3.1022 
54 9.93147 
55 10.9723 
56 2.64308 
57 0.184262 
58 5.20902 
59 1.26847 
0 33.0644 
1 25.0789 
2 30.1502 
3 28.2259 
4 32.572 
5 33.4217 
6 25.1607 
7 23.9926 
8 22.6195 
9 29.4509 
10 29.1564 
11 21.397 
12 27.6368 
13 25.0776 
14 21.5435 
15 18.7467 
16 20.512 
17 23.7354 
18 27.1869 
19 22.4663 
20 21.6936 
21 19.3827 
22 24.6394 
23 17.0651 
24 22.3373 
25 17.9964 
26 15.5294 
27 17.1947 
28 22.1603 
29 15.7526 
30 19.3264 
31 18.6724 
32 21.4485 
33 18.4986 
34 16.4257 
35 20.3164 
36 17.2196 
37 12.6473 
38 12.9051 
39 17.6955 
40 11.4457 
41 8.19951 
42 9.22698 
43 8.2766 
44 9.1447 
45 15.8898 
46 10.1395 
47 5.34174 
48 14.2398 
49 6.96299 
50 14.4851 
51 3.88566 
52 13.032 
53 6.37428 
54 13.8674 
55 4.16727 
56 13.3514 
57 6.92653 
58 11.0845 
59 12.0639 
0 35.8439 
1 27.3117 
2 25.8032 
3 33.2674 
4 23.8216 
5 23.4497 
6 23.362 
7 27.7327 
8 28.103 
9 20.6467 
10 23.134 
11 26.8349 
12 22.6226 
13 29.0432 
14 24.3884 
15 21.9138 
16 23.8 
17 22.0418 
18 20.8804 
19 19.0675 
20 21.1747 
21 25.5782 
22 17.3265 
23 15.2914 
24 20.4047 
25 14.6934 
26 22.3093 
27 21.2724 
28 18.5084 
29 13.3795 
30 20.9925 
31 12.3809 
32 14.0071 
33 17.5225 
34 21.2808 
35 20.3268 
36 16.246 
37 16.5795 
38 8.34548 
39 18.3923 
40 12.1504 
41 10.5785 
42 9.44276 
43 17.2701 
44 11.1296 
45 9.2778 
46 7.68784 
47 12.3909 
48 6.05134 
49 6.34594 
50 15.0065 
51 7.23187 
52 7.09977 
53 11.6615 
54 6.82382 
55 6.1934 
56 10.5061 
57 2.22212 
58 4.65211 
59 8.99862 
0 32.7365 
1 34.6519 
2 33.9412 
3 28.3763 
4 31.9747 
5 22.7053 
6 24.9317 
7 23.7198 
8 30.3256 
9 25.7845 
10 27.3811 
11 27.5357 
12 19.4807 
13 18.6926 
14 20.5734 
15 23.8835 
16 22.8247 
17 22.6344 
18 21.7956 
19 25.0422 
20 21.6707 
21 21.1716 
22 15.0793 
23 16.0579 
24 14.8218 
25 17.689 
26 20.97 
27 17.6723 
28 11.7872 
29 15.1355 
30 14.4091 
31 15.3131 
32 18.6867 
33 17.6959 
34 17.4916 
35 13.2318 
36 9.70352 
37 15.6554 
38 14.0072 
39 9.60566 
40 15.3195 
41 4.98005 
42 12.5403 
43 7.28974 
44 7.32567 
45 2.87491 
46 1.29287 
47 12.4691 
48 0.641311 
49 2.54455 
50 1.08002 
51 3.53005 
52 3.80137 
53 8.91888 
54 7.78926 
55 2.8971 
56 -2.51614 
57 2.29438 
58 6.69141 
59 5.52763 
0 27.7578 
1 33.8585 
2 29.8791 
3 25.174 
4 32.2736 
5 32.3538 
6 25.1131 
7 26.7547 
8 22.7785 
9 27.211 
10 24.2513 
11 24.4931 
12 28.6476 
13 26.5064 
14 21.3078 
15 23.732 
16 29.5826 
17 25.7328 
18 27.46 
19 28.0561 
20 17.7958 
21 21.3032 
22 20.0078 
23 19.4361 
24 22.9873 
25 27.3676 
26 25.7905 
27 16.3252 
28 23.785 
29 24.1219 
30 25.072 
31 20.5722 
32 24.2868 
33 24.4966 
34 17.7039 
35 18.9709 
36 14.8075 
37 18.94 
38 21.8191 
39 18.7764 
40 23.2728 
41 21.2833 
42 21.9683 
43 18.2793 
44 12.4645 
45 11.5044 
46 9.97505 
47 12.097 
48 10.0542 
49 10.4058 
50 15.0961 
51 16.5089 
52 10.0287 
53 9.82647 
54 14.0621 
55 9.92844 
56 8.38661 
57 17.4754 
58 14.6836 
59 14.5034 
0 31.3393 
1 30.1347 
2 28.3742 
3 33.1679 
4 27.4447 
5 26.6155 
6 28.5819 
7 24.8373 
8 21.2914 
9 22.4783 
10 21.6108 
11 26.4118 
12 28.2141 
13 19.5782 
14 20.7727 
15 19.5351 
16 20.4902 
17 18.5468 
18 25.0958 
19 22.4073 
20 24.0209 
21 19.0582 
22 26.0449 
23 22.9878 
24 25.4132 
25 23.3149 
26 16.6201 
27 25.4079 
28 20.7637 
29 23.574 
30 24.2606 
31 12.9275 
32 13.978 
33 20.7242 
34 14.5112 
35 21.8427 
36 19.1564 
37 18.6254 
38 11.7767 
39 9.3563 
40 19.2929 
41 17.1622 
42 19.3945 
43 10.6337 
44 8.0029 
45 8.89006 
46 13.1476 
47 15.3685 
48 6.36457 
49 14.2476 
50 11.6091 
51 10.9503 
52 13.1308 
53 3.79641 
54 4.08611 
55 7.60807 
56 9.02072 
57 7.18348 
58 4.27543 
59 11.3065 
0 28.0273 
1 33.8121 
2 23.8061 
3 32.9759 
4 32.0046 
5 30.9103 
6 27.6523 
7 32.2092 
8 28.1745 
9 21.0762 
10 26.4159 
11 29.9441 
12 25.2999 
13 23.878 
14 22.3611 
15 22.9908 
16 28.1635 
17 21.2844 
18 26.4871 
19 17.3955 
20 15.812 
21 18.4167 
22 22.1649 
23 24.7178 
24 14.3957 
25 25.0792 
26 22.0566 
27 19.1291 
28 22.8164 
29 21.6122 
30 15.6295 
31 18.1545 
32 12.6631 
33 14.7327 
34 19.7291 
35 10.6772 
36 13.345 
37 18.2896 
38 17.4924 
39 15.353 
40 10.545 
41 16.4601 
42 10.0944 
43 17.1222 
44 17.8633 
45 9.03934 
46 14.7474 
47 4.80088 
48 13.6722 
49 3.82848 
50 4.81263 
51 13.8701 
52 6.79046 
53 7.63286 
54 10.5016 
55 12.3847 
56 7.22965 
57 1.21165 
58 3.00735 
59 3.40909 
0 35.0122 
1 34.2871 
2 26.4959 
3 28.2444 
4 27.2509 
5 32.2709 
6 28.2636 
7 29.2112 
8 30.84 
9 27.9931 
10 21.547 
11 29.6183 
12 28.7845 
13 29.9032 
14 18.347 
15 19.7929 
16 25.2672 
17 21.7475 
18 24.3986 
19 21.3586 
20 25.4363 
21 24.7024 
22 16.7196 
23 23.7391 
24 16.8183 
25 22.2819 
26 19.9793 
27 21.2768 
28 21.9152 
29 20.6392 
30 17.3451 
31 17.469 
32 20.816 
33 17.5159 
34 15.0572 
35 13.2495 
36 17.9427 
37 8.0665 
38 8.41074 
39 14.2791 
40 15.6581 
41 17.4044 
42 11.9675 
43 14.0101 
44 12.4367 
45 11.3352 
46 9.98182 
47 11.5551 
48 4.90826 
49 12.0552 
50 1.88855 
51 9.08363 
52 3.1833 
53 5.54762 
54 10.8725 
55 -0.341912 
56 2.67715 
57 3.55312 
58 1.74031 
59 -1.47968 
0 30.6243 
1 24.6374 
2 23.7674 
3 29.8764 
4 30.6232 
5 29.8039 
6 23.4898 
7 25.064 
8 25.9614 
9 28.4838 
10 26.2418 
11 29.2401 
12 21.7043 
13 23.9336 
14 21.0399 
15 24.8534 
16 23.4604 
17 26.151 
18 23.7717 
19 25.1417 
20 19.3954 
21 17.0833 
22 26.6493 
23 16.6942 
24 21.6858 
25 14.2844 
26 13.3046 
27 17.9498 
28 12.8605 
29 22.8183 
30 20.3501 
31 22.3697 
32 21.5177 
33 20.1846 
34 15.6439 
35 10.1675 
36 16.4472 
37 16.756 
38 19.3095 
39 13.9279 
40 12.0994 
41 11.6054 
42 9.1255 
43 12.8718 
44 14.2697 
45 6.55363 
46 12.259 
47 14.1292 
48 6.41679 
49 6.6018 
50 9.19759 
51 11.5411 
52 2.55921 
53 13.1549 
54 3.72351 
55 11.8882 
56 6.18997 
57 10.4037 
58 5.10432 
59 -0.430122 
0 25.2456 
1 25.4004 
2 31.3194 
3 30.0714 
4 33.6054 
5 31.9876 
6 32.8357 
7 21.4671 
8 24.0974 
9 31.6531 
10 31.0011 
11 26.4496 
12 25.2765 
13 19.7728 
14 19.1767 
15 24.1868 
16 23.3321 
17 20.0189 
18 21.7469 
19 22.3331 
20 23.6274 
21 21.5704 
22 25.2817 
23 24.3789 
24 23.8052 
25 13.1736 
26 16.2371 
27 14.3237 
28 19.1576 
29 16.6652 
30 20.2736 
31 20.7141 
32 10.5622 
33 16.5425 
34 8.20463 
35 15.2521 
36 15.3489 
37 13.087 
38 8.8763 
39 8.84417 
40 15.3078 
41 11.3942 
42 5.19715 
43 4.02664 
44 10.6599 
45 5.35379 
46 13.7883 
47 10.2165 
48 5.89931 
49 9.59666 
50 8.69533 
51 9.34476 
52 0.0781684 
53 5.91678 
54 5.41168 
55 6.12574 
56 -0.0451929 
57 1.58692 
58 1.74869 
59 2.38527 
0 29.3563 
1 26.7933 
2 25.5746 
3 34.6341 
4 25.8835 
5 32.0768 
6 22.9042 
7 24.8517 
8 22.3445 
9 30.1753 
10 29.722 
11 29.2022 
12 21.9685 
13 23.865 
14 30.3951 
15 26.2446 
16 23.3496 
17 28.0351 
18 26.4431 
19 23.2727 
20 23.2027 
21 26.8402 
22 16.1719 
23 22.6454 
24 16.5949 
25 22.6252 
26 23.8802 
27 19.9133 
28 22.1216 
29 22.0799 
30 16.5545 
31 14.5666 
32 21.0823 
33 15.6462 
34 21.3005 
35 20.2431 
36 18.612 
37 12.2266 
38 16.7062 
39 19.1157 
40 19.5694 
41 16.7574 
42 19.6704 
43 15.7692 
44 18.8316 
45 12.6974 
46 13.1019 
47 14.9506 
48 15.3974 
49 17.4867 
50 15.6856 
51 6.29821 
52 5.54926 
53 8.29992 
54 11.3197 
55 9.07585 
56 12.6079 
57 14.7806 
58 3.32389 
59 7.31245 
0 29.8248 
1 29.4065 
2 30.905 
3 25.5251 
4 33.8473 
5 28.7473 
6 32.4017 
7 21.9076 
8 24.1203 
9 21.5152 
10 28.9913 
11 21.5275 
12 30.4824 
13 22.8566 
14 28.262 
15 29.0543 
16 22.8082 
17 21.0832 
18 16.4936 
19 21.422 
20 16.2944 
21 18.2971 
22 18.7847 
23 15.6338 
24 13.9449 
25 17.9243 
26 17.6249 
27 19.7382 
28 22.7834 
29 19.6983 
30 17.579 
31 14.7572 
32 13.3087 
33 16.4542 
34 20.3129 
35 13.0686 
36 10.5817 
37 17.1728 
38 17.1261 
39 16.1239 
40 5.97417 
41 6.40702 
42 15.9175 
43 13.2782 
44 10.3235 
45 8.92536 
46 5.18586 
47 13.0707 
48 9.72118 
49 13.2721 
50 4.3559 
51 8.06765 
52 12.3258 
53 7.31648 
54 6.76921 
55 9.01282 
56 7.58203 
57 -0.182931 
58 0.727669 
59 1.25526 
0 31.9397 
1 35.034 
2 35.2023 
3 30.2105 
4 31.8701 
5 23.5388 
6 28.7568 
7 26.2606 
8 33.21 
9 26.2392 
10 25.6048 
11 28.5908 
12 23.2601 
13 28.5012 
14 29.2993 
15 21.2353 
16 23.7193 
17 25.7755 
18 22.2607 
19 24.2706 
20 18.194 
21 25.9774 
22 26.3191 
23 21.9897 
24 18.7708 
25 19.7411 
26 18.9782 
27 23.0857 
28 25.3457 
29 19.6988 
30 15.6268 
31 20.0828 
32 22.489 
33 23.2607 
34 20.2555 
35 18.3583 
36 20.2349 
37 12.082 
38 22.5465 
39 22.3164 
40 18.8408 
41 11.1547 
42 20.6449 
43 16.7026 
44 12.2091 
45 19.8815 
46 18.8601 
47 11.1097 
48 18.311 
49 18.5734 
50 15.7037 
51 17.2018 
52 10.6456 
53 7.11417 
54 15.7355 
55 14.6777 
56 15.8328 
57 14.5117 
58 8.43656 
59 16.156 
0 32.3704 
1 28.0604 
2 30.5322 
3 24.6215 
4 25.6656 
5 31.3995 
6 33.4776 
7 30.815 
8 30.8628 
9 28.6658 
10 29.2909 
11 28.0413 
12 28.0832 
13 27.022 
14 27.5586 
15 20.6586 
16 19.2049 
17 18.0901 
18 19.5322 
19 22.2534 
20 19.5037 
21 22.5818 
22 26.2295 
23 27.1454 
24 24.3109 
25 17.3529 
26 17.9614 
27 18.6732 
28 21.7597 
29 25.0141 
30 20.0145 
31 20.6535 
32 20.4057 
33 14.5211 
34 15.3026 
35 11.8945 
36 18.401 
37 13.2104 
38 18.8869 
39 10.98 
40 15.3695 
41 18.5258 
42 19.4039 
43 18.8454 
44 17.7262 
45 13.6505 
46 17.91 
47 18.0602 
48 18.2601 
49 12.2073 
50 15.61 
51 17.1671 
52 9.0222 
53 15.0887 
54 12.512 
55 14.1029 
56 8.33542 
57 9.14153 
58 12.8766 
59 11.4405 
0 33.5562 
1 25.8012 
2 28.2825 
3 24.6181 
4 32.5647 
5 30.126 
6 33.7498 
7 33.9503 
8 25.2542 
9 25.3717 
10 26.097 
11 23.5981 
12 24.3725 
13 30.2224 
14 25.1639 
15 25.2359 
16 28.3239 
17 27.8976 
18 19.6524 
19 23.0349 
20 23.1902 
21 21.7529 
22 24.437 
23 23.8935 
24 20.2206 
25 20.5878 
26 23.8678 
27 24.4727 
28 17.8513 
29 21.7174 
30 18.0357 
31 18.3001 
32 24.013 
33 17.7622 
34 21.9639 
35 23.7692 
36 15.7532 
37 23.0135 
38 18.0986 
39 23.604 
40 20.0629 
41 24.9884 
42 12.893 
43 13.2114 
44 12.4428 
45 13.4769 
46 17.3588 
47 12.3925 
48 21.6531 
49 16.7526 
50 18.1517 
51 21.2349 
52 16.8587 
53 20.4865 
54 11.7533 
55 15.3275 
56 13.7422 
57 11.9032 
58 11.8889 
59 9.24712 
0 28.8965 
1 34.7054 
2 34.8814 
3 23.6623 
4 34.3288 
5 31.024 
6 26.6568 
7 22.7226 
8 23.7058 
9 21.4891 
10 23.9464 
11 22.2004 
12 30.5163 
13 31.8234 
14 22.2571 
15 28.1295 
16 28.9104 
17 24.4463 
18 28.4826 
19 18.497 
20 22.7429 
21 23.9193 
22 22.9993 
23 28.3719 
24 20.331 
25 19.7069 
26 24.2581 
27 23.8154 
28 17.1252 
29 25.6739 
30 20.0975 
31 19.206 
32 18.2687 
33 19.9317 
34 17.336 
35 20.2016 
36 18.687 
37 24.1268 
38 22.0187 
39 18.3339 
40 20.8036 
41 21.7115 
42 21.3717 
43 16.5595 
44 19.5646 
45 22.425 
46 20.4981 
47 10.9267 
48 10.8012 
49 20.6594 
50 12.3483 
51 15.9844 
52 12.7761 
53 10.5385 
54 18.2235 
55 10.9641 
56 12.5492 
57 9.95019 
58 17.1802 
59 14.6811 
0 33.7603 
1 28.0251 
2 27.9612 
3 23.7675 
4 28.7756 
5 29.6775 
6 26.8554 
7 28.2685 
8 22.4859 
9 31.5602 
10 22.9522 
11 26.7977 
12 30.9502 
13 29.1207 
14 25.3802 
15 23.6087 
16 24.7045 
17 22.4857 
18 27.8181 
19 25.4036 
20 26.4462 
21 25.7293 
22 24.3133 
23 19.4466 
24 27.7824 
25 29.3475 
26 21.081 
27 23.9031 
28 26.2349 
29 23.1091 
30 23.6027 
31 19.748 
32 20.4339 
33 24.0073 
34 20.4589 
35 24.8405 
36 24.0458 
37 23.9507 
38 15.411 
39 23.25 
40 20.5921 
41 18.5151 
42 20.8686 
43 22.4542 
44 15.9654 
45 19.3589 
46 16.1285 
47 23.699 
48 14.5413 
49 19.0952 
50 24.1797 
51 21.7127 
52 15.5258 
53 15.7883 
54 21.6701 
55 11.5866 
56 11.8634 
57 17.7309 
58 16.3222 
59 10.7228 
0 30.33904948453609 
1 29.55423608247422 
2 29.5898855670103 
3 28.444744329896913 
4 29.13358144329898 
5 28.255847422680407 
6 28.555509278350524 
7 26.66923505154638 
8 26.67929999999999 
9 27.17725670103093 
10 26.761002061855674 
11 26.518617525773205 
12 26.174018556701032 
13 26.145558762886605 
14 25.182395876288663 
15 24.49942164948453 
16 24.474099999999993 
17 23.54805670103093 
18 24.014358762886605 
19 23.847656701030925 
20 23.236468041237117 
21 21.729676288659796 
22 21.738702371134025 
23 21.508944329896906 
24 21.154263298969077 
25 20.06204680412371 
26 20.789267010309278 
27 20.36454639175258 
28 20.32413505154638 
29 20.386767010309274 
30 19.65545288659793 
31 18.618470412371135 
32 18.51807742268041 
33 18.09251474226804 
34 17.824751443298968 
35 17.492017628865984 
36 16.885933608247413 
37 16.510651649484533 
38 15.257319793814435 
39 14.988530515463916 
40 15.741486494845363 
41 14.82110567010309 
42 14.949683505154638 
43 14.271371649484538 
44 13.026553814432988 
45 12.949217216494846 
46 12.775346082474222 
47 12.00644505154639 
48 12.238989494845356 
49 12.206194525773197 
50 11.652470783505153 
51 10.799492659793811 
52 10.794544529896907 
53 10.04278809175258 
54 10.376180541237112 
55 9.747307979381448 
56 9.635159537113404 
57 8.997310539175256 
58 8.498290712371132 
59 8.356675086597942 
0 29.9618 
1 32.7794 
2 33.145 
3 32.6069 
4 23.0114 
5 29.1034 
6 30.6008 
7 26.7963 
8 23.8893 
9 27.4259 
10 31.7226 
11 23.5008 
12 29.7056 
13 31.0183 
14 24.8427 
15 21.1593 
16 28.4852 
17 23.4946 
18 29.5371 
19 19.7109 
20 18.8901 
21 19.4522 
22 24.4172 
23 22.1294 
24 25.1661 
25 21.1299 
26 24.5104 
27 20.3758 
28 26.4748 
29 27.359 
30 25.8331 
31 18.7923 
32 26.6018 
33 18.4685 
34 22.0906 
35 21.604 
36 14.7332 
37 15.2964 
38 15.6653 
39 13.4913 
40 19.2293 
41 15.6345 
42 23.27 
43 16.3324 
44 17.1214 
45 14.553 
46 22.4943 
47 10.4046 
48 21.5856 
49 20.2382 
50 20.1158 
51 19.7561 
52 13.8603 
53 19.0854 
54 19.9365 
55 17.6596 
56 17.7954 
57 18.2822 
58 10.8602 
59 12.03 
0 29.1844 
1 35.6161 
2 32.843 
3 24.9336 
4 24.8519 
5 28.6605 
6 33.0868 
7 28.4317 
8 31.9263 
9 22.1199 
10 24.8155 
11 30.0217 
12 22.1718 
13 27.312 
14 31.8054 
15 31.8728 
16 27.2996 
17 20.9543 
18 22.6605 
19 28.7867 
20 30.1492 
21 26.4496 
22 29.461 
23 20.7717 
24 24.7316 
25 25.5066 
26 29.3413 
27 26.8638 
28 24.4036 
29 25.3692 
30 21.0681 
31 19.346 
32 20.0546 
33 23.3193 
34 24.7425 
35 16.3943 
36 16.5274 
37 25.2545 
38 15.5315 
39 23.6766 
40 16.7998 
41 16.4438 
42 24.9447 
43 14.8019 
44 21.979 
45 17.191 
46 23.4739 
47 14.1644 
48 24.9277 
49 13.2132 
50 22.6686 
51 14.8305 
52 17.4526 
53 13.7982 
54 22.4989 
55 11.6059 
56 12.9306 
57 15.5053 
58 13.4557 
59 14.2946 
0 30.1105 
1 33.9296 
2 33.9495 
3 31.1439 
4 26.5827 
5 24.1646 
6 29.8829 
7 24.111 
8 24.7 
9 22.4949 
10 27.4913 
11 27.8002 
12 23.5011 
13 28.8974 
14 29.5533 
15 19.735 
16 18.5279 
17 25.7269 
18 19.6087 
19 22.8388 
20 26.4012 
21 25.832 
22 17.6603 
23 24.065 
24 23.5854 
25 17.0985 
26 13.4065 
27 19.7763 
28 22.3377 
29 12.8671 
30 15.0326 
31 15.2702 
32 19.4859 
33 14.574 
34 12.385 
35 16.431 
36 16.961 
37 11.8272 
38 8.32361 
39 9.37277 
40 18.1886 
41 6.76408 
42 13.3425 
43 14.1838 
44 6.74062 
45 7.4053 
46 12.8549 
47 4.07575 
48 3.88041 
49 12.9518 
50 6.79726 
51 4.67512 
52 6.83732 
53 7.93936 
54 10.6168 
55 8.33011 
56 0.709957 
57 0.224141 
58 8.99777 
59 6.13934 
0 26.4975 
1 31.3143 
2 28.5503 
3 31.1094 
4 34.2562 
5 32.8993 
6 32.8097 
7 30.7952 
8 25.1867 
9 21.5465 
10 28.8747 
11 29.5075 
12 29.9048 
13 25.3447 
14 23.9074 
15 26.2808 
16 19.8222 
17 25.9742 
18 30.1459 
19 22.3175 
20 28.001 
21 24.8205 
22 24.497 
23 17.3583 
24 17.1494 
25 25.3483 
26 26.9839 
27 22.5292 
28 23.087 
29 19.3554 
30 23.1594 
31 23.8546 
32 25.043 
33 22.6021 
34 15.1497 
35 17.1482 
36 22.9859 
37 18.8073 
38 22.7072 
39 12.3726 
40 14.0111 
41 13.9414 
42 18.1042 
43 19.8838 
44 11.0562 
45 11.6662 
46 13.3459 
47 12.9071 
48 12.5667 
49 15.593 
50 18.8025 
51 11.0336 
52 18.2495 
53 13.609 
54 7.50362 
55 14.3552 
56 11.5728 
57 13.8364 
58 13.3278 
59 5.21633 
0 34.9901 
1 23.512 
2 31.3224 
3 33.7057 
4 25.8395 
5 24.7419 
6 25.0078 
7 22.7542 
8 28.167 
9 19.8701 
10 20.0614 
11 22.7921 
12 23.3165 
13 22.7092 
14 23.2982 
15 19.0198 
16 20.6995 
17 19.7425 
18 25.0988 
19 16.3289 
20 23.3913 
21 14.6772 
22 17.6601 
23 22.1534 
24 14.8987 
25 21.5083 
26 11.2952 
27 11.1076 
28 12.6077 
29 13.9852 
30 13.0587 
31 14.6756 
32 10.7908 
33 13.8549 
34 10.1934 
35 15.9551 
36 15.1098 
37 12.9281 
38 6.89805 
39 9.30997 
40 15.5663 
41 7.59694 
42 12.521 
43 13.2364 
44 3.56604 
45 9.31379 
46 5.61408 
47 11.2366 
48 12.415 
49 8.83944 
50 0.575556 
51 6.09379 
52 10.1494 
53 -1.57518 
54 0.656809 
55 5.91872 
56 -2.95034 
57 5.67347 
58 0.163732 
59 7.02452 
0 32.4196 
1 30.0036 
2 26.494 
3 27.6558 
4 22.4996 
5 25.7333 
6 21.9773 
7 25.1915 
8 24.1323 
9 25.9592 
10 25.2632 
11 24.5643 
12 26.1198 
13 27.4542 
14 18.1205 
15 25.8324 
16 17.7175 
17 27.9805 
18 20.427 
19 20.1064 
20 23.7642 
21 24.6833 
22 24.3027 
23 14.1825 
24 20.261 
25 22.1873 
26 19.4518 
27 22.1978 
28 21.0627 
29 20.6954 
30 18.3392 
31 21.6867 
32 18.6978 
33 20.5599 
34 19.9121 
35 9.77234 
36 9.81596 
37 13.6251 
38 13.0158 
39 12.4766 
40 16.8982 
41 9.84385 
42 6.3405 
43 14.4266 
44 11.8497 
45 9.30006 
46 5.56316 
47 10.8903 
48 14.0913 
49 4.24314 
50 8.74702 
51 5.02664 
52 4.04425 
53 5.49359 
54 0.826886 
55 7.88918 
56 8.8615 
57 9.36671 
58 6.21406 
59 8.46026 
0 34.786 
1 27.013 
2 34.668 
3 32.1062 
4 33.3359 
5 28.2087 
6 25.1472 
7 24.6253 
8 32.8825 
9 30.3093 
10 24.1657 
11 21.3097 
12 28.7224 
13 23.5511 
14 30.3505 
15 28.0259 
16 28.1055 
17 25.9565 
18 20.7353 
19 26.3919 
20 29.1434 
21 27.7809 
22 28.671 
23 18.311 
24 27.0955 
25 22.2856 
26 22.9348 
27 17.1293 
28 24.3503 
29 25.439 
30 24.6046 
31 23.4019 
32 26.4171 
33 17.2402 
34 25.8871 
35 17.2257 
36 24.3138 
37 20.1281 
38 15.0993 
39 17.1557 
40 17.871 
41 18.5422 
42 20.95 
43 21.0682 
44 20.1629 
45 19.3296 
46 11.0344 
47 11.3509 
48 13.3603 
49 17.2288 
50 14.9414 
51 20.2825 
52 12.8106 
53 8.69403 
54 18.0926 
55 16.8164 
56 17.1094 
57 10.8251 
58 8.75208 
59 7.73077 
0 30.1675 
1 31.1435 
2 24.0182 
3 23.2907 
4 33.7987 
5 25.2824 
6 24.7392 
7 30.3701 
8 26.1213 
9 29.6477 
10 27.1461 
11 27.4274 
12 27.681 
13 19.5306 
14 24.6628 
15 29.6143 
16 24.8025 
17 18.8304 
18 27.0575 
19 21.9436 
20 25.5092 
21 24.0473 
22 25.234 
23 24.3079 
24 22.3964 
25 14.8849 
26 21.0967 
27 21.4341 
28 23.7799 
29 24.7581 
30 22.0946 
31 22.8741 
32 19.6249 
33 21.8965 
34 14.353 
35 18.7625 
36 19.5086 
37 19.571 
38 18.5593 
39 12.2162 
40 17.0939 
41 9.70286 
42 13.8799 
43 14.4369 
44 18.361 
45 18.0462 
46 14.5737 
47 14.9211 
48 12.1445 
49 7.57473 
50 12.3841 
51 5.37753 
52 8.19001 
53 12.4894 
54 9.20269 
55 9.58674 
56 9.24039 
57 12.8854 
58 9.51936 
59 5.26947 
0 30.7172 
1 26.5057 
2 32.4956 
3 27.2013 
4 25.0852 
5 23.5999 
6 30.7385 
7 25.8833 
8 23.4837 
9 29.8056 
10 22.6377 
11 27.6243 
12 27.9066 
13 22.3467 
14 24.6368 
15 24.4387 
16 16.4883 
17 17.7759 
18 19.8928 
19 22.5623 
20 25.194 
21 14.9252 
22 22.6297 
23 13.3333 
24 20.0812 
25 12.6184 
26 14.4815 
27 15.2657 
28 13.2557 
29 18.2831 
30 16.4131 
31 10.1933 
32 15.2732 
33 17.7654 
34 12.3245 
35 11.5208 
36 12.3869 
37 15.0145 
38 11.9966 
39 15.2727 
40 6.61313 
41 3.63517 
42 5.57318 
43 11.7963 
44 6.18535 
45 3.04618 
46 13.0186 
47 1.34743 
48 4.37425 
49 9.20961 
50 4.80464 
51 -1.11585 
52 2.70379 
53 4.70496 
54 5.56224 
55 7.39449 
56 -3.78936 
57 -1.56456 
58 0.526948 
59 5.25399 
0 29.4246 
1 35.1143 
2 29.7317 
3 23.247 
4 31.7695 
5 29.3782 
6 26.5268 
7 25.5978 
8 25.6647 
9 25.4169 
10 21.4073 
11 20.8275 
12 27.251 
13 27.742 
14 28.5555 
15 21.6243 
16 19.2697 
17 19.6961 
18 20.4626 
19 24.0797 
20 26.0723 
21 16.6932 
22 16.3915 
23 20.5642 
24 22.3505 
25 16.6373 
26 22.0487 
27 25.7863 
28 18.9084 
29 20.8701 
30 22.3938 
31 15.6363 
32 12.9935 
33 16.2217 
34 18.9392 
35 21.353 
36 14.1372 
37 19.3202 
38 12.6409 
39 13.8917 
40 13.5238 
41 13.5661 
42 20.001 
43 13.5541 
44 11.5679 
45 12.2903 
46 11.445 
47 11.6309 
48 7.82471 
49 6.30375 
50 16.0248 
51 6.75225 
52 7.74784 
53 5.29304 
54 4.75806 
55 7.42377 
56 10.5746 
57 3.46747 
58 13.2374 
59 2.62042 
0 29.1069 
1 29.9234 
2 26.991 
3 34.0267 
4 34.1943 
5 24.5164 
6 31.7765 
7 25.0077 
8 25.2014 
9 28.5866 
10 25.5775 
11 22.5503 
12 21.928 
13 28.4034 
14 26.8873 
15 21.2157 
16 28.9452 
17 27.4401 
18 27.878 
19 18.6654 
20 28.4578 
21 27.1731 
22 17.4041 
23 26.3663 
24 21.8856 
25 18.1534 
26 21.3278 
27 16.3033 
28 22.775 
29 20.83 
30 17.6493 
31 14.6471 
32 17.9563 
33 17.0681 
34 23.13 
35 17.865 
36 16.1532 
37 16.4012 
38 16.3658 
39 14.4259 
40 20.4702 
41 13.73 
42 18.0671 
43 16.2146 
44 7.85723 
45 10.3101 
46 17.5617 
47 9.77573 
48 16.7119 
49 11.1697 
50 6.118 
51 8.26787 
52 16.5896 
53 14.3696 
54 10.6641 
55 5.95287 
56 10.1393 
57 13.5425 
58 3.44381 
59 4.06128 
0 27.6781 
1 25.0403 
2 28.9147 
3 28.8206 
4 32.2104 
5 31.8247 
6 30.3759 
7 22.3033 
8 23.9869 
9 25.0789 
10 31.1519 
11 21.7121 
12 21.3437 
13 31.1664 
14 26.9202 
15 26.2962 
16 25.5756 
17 31.0254 
18 30.1459 
19 30.5336 
20 23.8053 
21 25.2664 
22 26.7113 
23 23.3872 
24 22.8051 
25 18.4454 
26 18.5848 
27 18.23 
28 26.9051 
29 26.6726 
30 20.5436 
31 16.0473 
32 23.5418 
33 26.2103 
34 17.3434 
35 15.1044 
36 21.9434 
37 19.4143 
38 14.0723 
39 17.8167 
40 15.9758 
41 15.3415 
42 17.6208 
43 15.6447 
44 12.9077 
45 17.1468 
46 21.8427 
47 11.0515 
48 11.1602 
49 18.1556 
50 14.8296 
51 21.2489 
52 20.6554 
53 14.5019 
54 8.67804 
55 14.4657 
56 8.83946 
57 12.1524 
58 13.9088 
59 12.2599 
0 29.5065 
1 24.4107 
2 25.1463 
3 24.2563 
4 29.3582 
5 23.4112 
6 23.0838 
7 24.4841 
8 24.5636 
9 30.6761 
10 31.6794 
11 23.6342 
12 23.9446 
13 30.4853 
14 23.7399 
15 31.5416 
16 26.7205 
17 29.2515 
18 21.9583 
19 28.8038 
20 23.2795 
21 24.6302 
22 24.634 
23 28.6846 
24 27.5595 
25 24.1915 
26 23.3514 
27 19.5615 
28 22.5894 
29 23.7881 
30 21.25 
31 25.9369 
32 19.6161 
33 18.1936 
34 14.6512 
35 14.6432 
36 16.1023 
37 14.2972 
38 15.1364 
39 16.6322 
40 16.9203 
41 23.1756 
42 14.675 
43 22.5097 
44 12.3265 
45 13.3607 
46 19.0299 
47 22.2084 
48 16.8761 
49 18.2081 
50 15.9421 
51 11.6877 
52 14.7295 
53 18.7073 
54 15.351 
55 12.1593 
56 11.7764 
57 11.2275 
58 16.1216 
59 8.96022 
0 31.3874 
1 29.8134 
2 29.2049 
3 30.9179 
4 28.9308 
5 31.6563 
6 29.1852 
7 22.0846 
8 21.5862 
9 22.4088 
10 30.272 
11 25.5803 
12 28.4549 
13 27.8783 
14 24.5905 
15 18.8299 
16 21.2142 
17 18.0642 
18 19.8683 
19 26.9298 
20 26.415 
21 22.9359 
22 24.5127 
23 24.5236 
24 18.2518 
25 22.4267 
26 24.157 
27 19.6982 
28 23.3512 
29 18.6397 
30 13.2258 
31 20.9605 
32 10.7694 
33 18.3939 
34 18.7199 
35 15.5166 
36 12.8076 
37 9.21099 
38 11.31 
39 8.86791 
40 13.7423 
41 17.8673 
42 13.9648 
43 13.2912 
44 15.9737 
45 9.71847 
46 14.4063 
47 11.148 
48 13.2227 
49 6.70927 
50 3.65616 
51 9.21545 
52 3.51762 
53 1.78834 
54 11.6878 
55 5.42812 
56 0.228974 
57 11.5352 
58 5.19589 
59 8.28562 
0 27.3171 
1 26.0356 
2 28.7766 
3 26.4385 
4 25.9161 
5 25.5463 
6 27.6862 
7 26.2967 
8 32.9207 
9 31.0549 
10 20.626 
11 27.9245 
12 23.2447 
13 23.323 
14 29.9206 
15 28.3974 
16 24.0955 
17 27.8805 
18 24.5356 
19 26.2752 
20 16.5784 
21 20.6403 
22 24.234 
23 17.4805 
24 21.7694 
25 26.1625 
26 22.8858 
27 16.2984 
28 15.1487 
29 20.8755 
30 15.5825 
31 17.6463 
32 17.2359 
33 17.6597 
34 11.1148 
35 15.3008 
36 16.3423 
37 16.309 
38 13.6346 
39 16.2937 
40 11.12 
41 15.7735 
42 11.4885 
43 9.73838 
44 9.32203 
45 13.3652 
46 17.2137 
47 10.7922 
48 17.7507 
49 6.33174 
50 16.181 
51 5.65143 
52 16.2495 
53 5.20833 
54 12.2788 
55 14.5487 
56 10.8696 
57 14.1952 
58 4.05378 
59 2.38998 
0 35.162 
1 30.7832 
2 33.8476 
3 26.7779 
4 32.632 
5 30.9281 
6 33.9576 
7 30.0052 
8 32.7916 
9 23.6 
10 32.5142 
11 31.9689 
12 23.3024 
13 22.7402 
14 26.8313 
15 25.5989 
16 28.6478 
17 23.2952 
18 25.4243 
19 23.3326 
20 23.9057 
21 20.7421 
22 21.0208 
23 19.2621 
24 19.7325 
25 22.3661 
26 24.4152 
27 21.4322 
28 21.1185 
29 28.1015 
30 21.1691 
31 26.818 
32 25.7449 
33 24.9337 
34 19.9912 
35 22.0851 
36 17.1933 
37 20.8085 
38 18.6962 
39 15.0188 
40 22.5729 
41 17.6466 
42 20.48 
43 23.2969 
44 21.3594 
45 21.6109 
46 22.6783 
47 13.4625 
48 15.6654 
49 14.2876 
50 14.4733 
51 17.5972 
52 12.6412 
53 19.0286 
54 14.0204 
55 11.4197 
56 12.6292 
57 17.6542 
58 12.9923 
59 21.9833 
0 34.5693 
1 29.6041 
2 26.5708 
3 29.178 
4 32.6606 
5 28.3769 
6 26.3608 
7 21.5263 
8 22.0547 
9 25.292 
10 31.7172 
11 20.1346 
12 23.4399 
13 28.1619 
14 20.1477 
15 23.4599 
16 25.8934 
17 26.164 
18 28.5439 
19 21.8685 
20 25.9376 
21 24.5905 
22 26.3719 
23 24.5926 
24 20.3677 
25 13.7195 
26 22.59 
27 23.2604 
28 20.9124 
29 16.5861 
30 20.1095 
31 15.7013 
32 20.4094 
33 17.4785 
34 15.2135 
35 15.2093 
36 14.6588 
37 12.1976 
38 16.743 
39 12.5412 
40 9.63351 
41 18.0138 
42 17.7375 
43 8.35061 
44 9.91233 
45 7.58997 
46 14.6655 
47 11.1449 
48 14.2794 
49 13.9323 
50 6.94002 
51 10.1656 
52 14.3577 
53 9.651 
54 11.6835 
55 10.8072 
56 10.1862 
57 12.1438 
58 2.37311 
59 9.6124 
0 31.2754 
1 24.3056 
2 34.0683 
3 25.4472 
4 27.4222 
5 26.7591 
6 31.4696 
7 25.6416 
8 28.7843 
9 30.4762 
10 27.3744 
11 32.8406 
12 21.512 
13 23.3321 
14 20.6309 
15 24.702 
16 23.6842 
17 19.7228 
18 20.8668 
19 24.4763 
20 19.7264 
21 18.1501 
22 26.8217 
23 23.118 
24 21.1069 
25 25.2041 
26 22.0957 
27 17.6109 
28 19.0399 
29 18.4565 
30 21.7781 
31 16.9827 
32 22.1023 
33 15.6151 
34 16.914 
35 17.8799 
36 16.6925 
37 14.1514 
38 18.737 
39 17.7732 
40 19.1724 
41 16.8796 
42 13.5219 
43 19.5345 
44 21.519 
45 16.0061 
46 17.958 
47 11.2215 
48 11.3615 
49 18.7534 
50 9.79589 
51 19.2119 
52 12.6303 
53 11.1513 
54 19.9305 
55 13.9545 
56 14.8293 
57 15.2943 
58 16.2775 
59 19.1798 
0 33.728 
1 27.3126 
2 28.524 
3 25.8777 
4 27.7736 
5 31.4229 
6 24.8724 
7 24.3725 
8 29.0038 
9 27.291 
10 21.4308 
11 25.4698 
12 31.1557 
13 23.1583 
14 19.0979 
15 27.8193 
16 28.2283 
17 25.0719 
18 17.5534 
19 21.0338 
20 19.2369 
21 18.1065 
22 24.9617 
23 24.2712 
24 26.3401 
25 15.7692 
26 19.564 
27 16.4447 
28 16.9154 
29 24.5344 
30 21.4713 
31 17.1549 
32 23.2617 
33 17.1482 
34 17.8326 
35 17.8876 
36 13.58 
37 14.3463 
38 20.0087 
39 10.5373 
40 12.4773 
41 19.6604 
42 19.9944 
43 17.3596 
44 12.6043 
45 15.2604 
46 16.4339 
47 8.4233 
48 7.21432 
49 16.1975 
50 9.81884 
51 7.75865 
52 10.1473 
53 5.94111 
54 4.85883 
55 9.53712 
56 7.9635 
57 3.26594 
58 3.8501 
59 5.49112 
0 34.104 
1 27.7979 
2 32.392 
3 30.2931 
4 24.3285 
5 23.7906 
6 30.8649 
7 23.5441 
8 22.3596 
9 28.7618 
10 21.3985 
11 20.099 
12 22.7556 
13 29.2901 
14 19.1851 
15 19.5139 
16 17.8072 
17 21.4821 
18 26.7232 
19 23.7914 
20 15.1197 
21 19.8958 
22 14.5621 
23 24.4625 
24 23.7238 
25 16.4805 
26 15.9085 
27 21.0905 
28 18.1209 
29 17.7513 
30 10.588 
31 21.936 
32 16.0026 
33 17.6872 
34 13.8726 
35 19.6396 
36 14.3304 
37 10.5126 
38 9.5587 
39 12.992 
40 15.7734 
41 9.14047 
42 10.4531 
43 7.48238 
44 10.522 
45 4.98042 
46 5.97461 
47 5.52784 
48 13.1155 
49 3.3516 
50 7.83328 
51 3.31001 
52 7.26069 
53 10.0355 
54 1.62818 
55 5.11616 
56 6.58775 
57 6.94629 
58 3.29112 
59 -0.0831256 
0 24.6279 
1 31.9323 
2 35.2972 
3 30.2747 
4 28.1412 
5 32.0077 
6 34.063 
7 29.0116 
8 22.9473 
9 26.1234 
10 33.0092 
11 25.0269 
12 29.8338 
13 28.2827 
14 31.7783 
15 20.7823 
16 31.2216 
17 19.5239 
18 19.5753 
19 29.0929 
20 29.3279 
21 21.6134 
22 20.3201 
23 29.4161 
24 22.3798 
25 19.5023 
26 25.9562 
27 19.0158 
28 21.0814 
29 27.7329 
30 27.3649 
31 24.0104 
32 16.9793 
33 24.4107 
34 21.4215 
35 25.5542 
36 24.9237 
37 23.8625 
38 23.153 
39 15.1154 
40 15.0034 
41 23.6301 
42 21.7044 
43 13.7736 
44 12.589 
45 12.6837 
46 17.3606 
47 16.8025 
48 13.3929 
49 17.1719 
50 18.1697 
51 11.3218 
52 16.2488 
53 9.59883 
54 13.0867 
55 16.2518 
56 13.0504 
57 18.7331 
58 16.7769 
59 15.5938 
0 30.585 
1 27.6158 
2 28.1859 
3 32.484 
4 23.2883 
5 23.5485 
6 33.9241 
7 26.1884 
8 26.0472 
9 29.0487 
10 22.9901 
11 25.1679 
12 28.751 
13 29.8951 
14 21.2976 
15 19.9875 
16 29.2758 
17 21.4671 
18 21.5377 
19 29.8969 
20 20.0068 
21 26.6136 
22 21.328 
23 25.9993 
24 21.2965 
25 20.8538 
26 26.5022 
27 19.1425 
28 17.8325 
29 16.4739 
30 22.9331 
31 25.6265 
32 20.9094 
33 21.6187 
34 22.5508 
35 14.8835 
36 16.3136 
37 17.6413 
38 18.4802 
39 21.507 
40 20.812 
41 19.7712 
42 15.1227 
43 20.405 
44 18.9917 
45 15.4031 
46 16.2438 
47 12.1789 
48 15.4715 
49 13.531 
50 16.5611 
51 13.7645 
52 10.3319 
53 11.6633 
54 12.2492 
55 16.3824 
56 12.453 
57 17.4767 
58 15.7032 
59 14.9594 
0 32.2096 
1 33.9926 
2 30.647 
3 30.9754 
4 33.632 
5 30.5443 
6 25.3864 
7 22.7955 
8 27.5945 
9 24.6719 
10 26.9767 
11 27.2901 
12 28.6277 
13 29.6414 
14 23.5934 
15 26.0943 
16 18.6928 
17 24.1568 
18 22.5838 
19 16.3747 
20 14.8516 
21 21.6001 
22 24.7496 
23 23.2977 
24 21.3288 
25 16.7986 
26 17.0826 
27 21.0528 
28 15.2549 
29 12.2563 
30 15.9085 
31 15.4992 
32 13.0897 
33 18.9297 
34 17.9281 
35 18.0678 
36 18.0551 
37 16.8878 
38 11.4469 
39 7.56077 
40 15.9126 
41 11.6012 
42 13.5745 
43 6.56842 
44 11.9399 
45 2.73129 
46 8.9268 
47 8.15836 
48 11.7121 
49 1.17232 
50 8.30608 
51 -0.117786 
52 10.7466 
53 7.47699 
54 6.62886 
55 1.25219 
56 3.90881 
57 3.18627 
58 -1.59294 
59 0.744567 
0 33.1911 
1 35.5345 
2 27.0973 
3 31.4508 
4 24.7095 
5 27.4461 
6 31.4511 
7 31.5948 
8 29.039 
9 24.526 
10 22.2325 
11 29.4334 
12 28.3421 
13 26.263 
14 24.6708 
15 28.6027 
16 20.412 
17 19.1889 
18 25.1207 
19 21.6072 
20 22.6164 
21 20.7004 
22 21.5987 
23 14.1935 
24 24.3497 
25 12.6326 
26 20.005 
27 20.134 
28 16.2177 
29 17.651 
30 11.0074 
31 17.7721 
32 13.6053 
33 12.0051 
34 16.6986 
35 10.0961 
36 10.3253 
37 11.9331 
38 13.376 
39 11.2275 
40 8.6288 
41 15.2256 
42 12.0908 
43 4.82213 
44 13.1346 
45 14.9183 
46 7.04484 
47 10.1369 
48 2.59947 
49 7.27097 
50 1.28613 
51 0.431703 
52 7.75379 
53 6.44659 
54 0.274827 
55 1.98617 
56 8.28592 
57 0.0819632 
58 2.28097 
59 -1.92984 
0 30.9772 
1 24.951 
2 30.7112 
3 26.6005 
4 24.2642 
5 26.4414 
6 26.1082 
7 22.9864 
8 26.97 
9 25.8547 
10 26.2821 
11 30.8381 
12 22.0538 
13 28.3504 
14 27.3012 
15 21.2964 
16 19.505 
17 23.1423 
18 22.0215 
19 19.9822 
20 20.1416 
21 21.4165 
22 26.2226 
23 18.0611 
24 25.209 
25 16.9953 
26 23.6364 
27 18.3242 
28 13.9527 
29 19.0361 
30 19.7697 
31 19.6279 
32 9.85651 
33 11.2394 
34 15.3713 
35 13.7625 
36 13.3258 
37 10.9168 
38 17.2443 
39 14.6843 
40 17.7733 
41 10.196 
42 5.55616 
43 13.6933 
44 7.21404 
45 8.81322 
46 11.445 
47 12.8481 
48 7.93356 
49 5.00235 
50 7.47589 
51 6.13621 
52 8.10335 
53 9.53288 
54 5.41335 
55 0.528903 
56 10.4357 
57 9.5712 
58 3.69343 
59 6.59807 
0 34.7136 
1 25.6827 
2 33.6973 
3 28.7935 
4 28.8608 
5 29.1837 
6 25.1854 
7 27.2577 
8 24.298 
9 31.4196 
10 28.0662 
11 30.7925 
12 25.5336 
13 18.2851 
14 20.2208 
15 28.3218 
16 27.352 
17 18.4775 
18 26.8226 
19 25.6711 
20 14.9142 
21 14.4479 
22 15.9609 
23 17.2606 
24 14.0849 
25 15.544 
26 17.6515 
27 21.6535 
28 22.3895 
29 19.959 
30 10.8564 
31 18.8886 
32 18.0232 
33 19.2931 
34 19.6038 
35 18.604 
36 9.68207 
37 13.0106 
38 10.9612 
39 12.6446 
40 11.777 
41 6.08845 
42 11.8836 
43 5.06625 
44 4.06271 
45 5.28268 
46 13.6245 
47 5.59019 
48 12.9402 
49 11.3733 
50 8.53843 
51 10.9559 
52 0.440651 
53 10.7765 
54 4.71523 
55 4.62937 
56 -1.03235 
57 -0.0132477 
58 2.28892 
59 -0.692463 
0 24.1722 
1 26.8842 
2 34.8419 
3 29.2775 
4 23.6256 
5 25.6234 
6 25.4016 
7 33.5066 
8 24.6251 
9 27.7983 
10 23.9274 
11 24.0766 
12 33.2535 
13 30.7935 
14 21.4412 
15 24.2373 
16 20.8971 
17 27.1303 
18 25.5326 
19 25.6788 
20 23.2549 
21 27.8165 
22 27.9102 
23 21.2019 
24 19.7683 
25 22.4513 
26 29.3202 
27 21.7103 
28 28.5421 
29 26.8809 
30 18.4264 
31 18.7985 
32 27.5608 
33 26.2388 
34 23.8501 
35 16.6442 
36 16.9417 
37 24.3398 
38 15.6341 
39 22.2798 
40 25.5576 
41 19.2969 
42 15.992 
43 21.6935 
44 15.7784 
45 20.0558 
46 15.1054 
47 23.3554 
48 19.1207 
49 19.9936 
50 15.742 
51 16.128 
52 23.3637 
53 18.1996 
54 19.0409 
55 19.4196 
56 16.1165 
57 16.6219 
58 22.5466 
59 12.3747 
0 25.1641 
1 24.8029 
2 29.5516 
3 32.0338 
4 28.5656 
5 25.945 
6 32.9917 
7 30.6476 
8 21.4482 
9 30.3762 
10 26.0083 
11 29.4802 
12 24.4718 
13 26.509 
14 18.5302 
15 19.1058 
16 22.8913 
17 25.2142 
18 23.8968 
19 20.195 
20 19.3054 
21 23.4012 
22 19.2099 
23 23.4658 
24 16.7727 
25 20.0778 
26 25.0109 
27 16.8918 
28 16.899 
29 23.5943 
30 18.861 
31 17.8279 
32 15.2193 
33 18.8675 
34 17.1333 
35 21.6748 
36 18.3208 
37 13.7796 
38 15.5285 
39 13.3691 
40 16.8993 
41 13.2167 
42 14.3181 
43 13.4884 
44 11.3903 
45 15.8797 
46 11.366 
47 16.461 
48 12.3333 
49 14.6903 
50 8.4279 
51 9.26865 
52 3.81746 
53 11.7 
54 10.0499 
55 12.3603 
56 8.75875 
57 4.25425 
58 12.4269 
59 6.27175 
0 25.3855 
1 33.7287 
2 34.7253 
3 26.62 
4 27.9633 
5 27.3849 
6 22.7025 
7 32.2296 
8 28.43 
9 28.1527 
10 32.5079 
11 31.2571 
12 28.7405 
13 27.7997 
14 29.7606 
15 21.3039 
16 21.8092 
17 24.2523 
18 24.495 
19 27.009 
20 28.2028 
21 27.3317 
22 19.3571 
23 22.3173 
24 17.9815 
25 23.9951 
26 19.1213 
27 17.7574 
28 23.3979 
29 20.7829 
30 25.1818 
31 24.3082 
32 20.1711 
33 22.4566 
34 16.9156 
35 20.5779 
36 15.4169 
37 16.3948 
38 24.0616 
39 19.9421 
40 16.2089 
41 14.263 
42 15.2475 
43 15.3951 
44 16.0238 
45 15.9643 
46 19.6772 
47 19.0959 
48 22.0127 
49 19.5817 
50 14.5779 
51 10.4621 
52 19.6844 
53 14.5162 
54 19.4824 
55 9.79587 
56 18.272 
57 9.33937 
58 14.1822 
59 19.0916 
0 24.6305 
1 30.1956 
2 27.9076 
3 25.8944 
4 23.276 
5 26.1622 
6 24.5246 
7 27.5852 
8 22.0408 
9 29.0644 
10 28.4661 
11 25.5631 
12 30.1851 
13 30.539 
14 24.6159 
15 23.3467 
16 24.255 
17 25.3261 
18 20.9828 
19 26.2497 
20 26.6494 
21 17.7266 
22 24.809 
23 18.283 
24 25.9981 
25 21.317 
26 26.8869 
27 22.7514 
28 19.4889 
29 17.6993 
30 24.532 
31 22.8023 
32 18.0885 
33 14.545 
34 23.4309 
35 17.5519 
36 18.0339 
37 12.2901 
38 12.7166 
39 14.1295 
40 20.2014 
41 19.7348 
42 9.91965 
43 14.6629 
44 16.4988 
45 12.1354 
46 13.7183 
47 15.1334 
48 12.8528 
49 8.14566 
50 9.26186 
51 14.9731 
52 7.9414 
53 14.7936 
54 8.39829 
55 6.19079 
56 9.2694 
57 4.82186 
58 4.84264 
59 13.0969 
0 33.9476 
1 28.6465 
2 28.6307 
3 24.1025 
4 28.6238 
5 27.0976 
6 29.6932 
7 22.4303 
8 23.5246 
9 32.1073 
10 25.8565 
11 26.0993 
12 21.8227 
13 30.7098 
14 24.249 
15 30.8167 
16 27.2363 
17 21.1805 
18 19.8013 
19 28.3645 
20 20.3812 
21 19.303 
22 26.0885 
23 17.8592 
24 22.7642 
25 18.3083 
26 28.5453 
27 21.2634 
28 27.681 
29 23.2024 
30 27.3876 
31 22.306 
32 16.4992 
33 21.4736 
34 18.7011 
35 18.7056 
36 20.0893 
37 22.9158 
38 20.8645 
39 22.6173 
40 22.719 
41 18.5386 
42 18.8342 
43 18.7083 
44 17.1377 
45 15.3623 
46 17.6883 
47 15.6039 
48 20.2019 
49 21.1325 
50 17.7934 
51 19.6144 
52 20.8373 
53 15.4242 
54 18.7589 
55 18.355 
56 18.6462 
57 9.79881 
58 8.94064 
59 19.7619 
0 33.417 
1 27.9357 
2 33.7458 
3 34.364 
4 22.9147 
5 27.5904 
6 28.2597 
7 27.6302 
8 24.342 
9 31.7961 
10 25.352 
11 21.9991 
12 27.9076 
13 25.6568 
14 28.0484 
15 19.0704 
16 26.8686 
17 17.1831 
18 18.8791 
19 21.4822 
20 24.2447 
21 18.6632 
22 23.2882 
23 24.6824 
24 16.8947 
25 23.7329 
26 17.4849 
27 18.1212 
28 23.5218 
29 21.1299 
30 15.0255 
31 15.8024 
32 12.5825 
33 19.9437 
34 10.6217 
35 9.76449 
36 13.2522 
37 19.0468 
38 19.2028 
39 10.8319 
40 12.7362 
41 15.8434 
42 9.0538 
43 10.0422 
44 7.30302 
45 11.0966 
46 15.1895 
47 13.05 
48 14.8977 
49 8.69931 
50 3.16372 
51 4.98464 
52 7.58517 
53 3.24965 
54 10.129 
55 10.0966 
56 4.86615 
57 2.43136 
58 0.981456 
59 7.4029 
0 30.6731 
1 28.2793 
2 24.7474 
3 27.5423 
4 30.0923 
5 27.1131 
6 30.019 
7 27.5623 
8 27.6545 
9 26.8026 
10 26.1861 
11 28.2573 
12 25.2718 
13 24.9788 
14 28.3059 
15 26.7864 
16 18.7785 
17 18.0463 
18 17.227 
19 20.0003 
20 24.9644 
21 23.8665 
22 17.4464 
23 19.0443 
24 15.1911 
25 23.7073 
26 20.0649 
27 23.2888 
28 19.1825 
29 19.3787 
30 17.4494 
31 20.1268 
32 18.8272 
33 10.3901 
34 13.0987 
35 11.0317 
36 15.919 
37 14.8453 
38 8.59493 
39 10.0859 
40 13.9968 
41 11.1116 
42 11.6386 
43 15.3707 
44 9.42033 
45 8.21002 
46 6.87632 
47 7.73456 
48 8.60638 
49 1.63292 
50 5.72122 
51 1.38036 
52 10.1265 
53 10.5025 
54 8.5813 
55 8.27508 
56 4.68996 
57 0.908005 
58 7.72181 
59 0.981535 
0 28.237 
1 25.2148 
2 29.3787 
3 23.3101 
4 27.4289 
5 22.1189 
6 30.6925 
7 26.182 
8 31.1865 
9 25.2456 
10 21.6425 
11 23.5807 
12 27.564 
13 29.0278 
14 28.8273 
15 20.3233 
16 19.0171 
17 17.5024 
18 23.6449 
19 24.8531 
20 25.7899 
21 15.8203 
22 15.9372 
23 22.5046 
24 17.2185 
25 21.0762 
26 16.3288 
27 17.7904 
28 21.0186 
29 12.8804 
30 12.0343 
31 12.2217 
32 16.845 
33 21.4863 
34 10.6549 
35 18.8171 
36 20.6187 
37 20.7113 
38 19.9809 
39 15.9045 
40 14.0464 
41 8.52015 
42 18.3202 
43 13.5702 
44 17.5245 
45 6.40917 
46 11.9998 
47 15.0261 
48 8.98792 
49 15.5729 
50 5.92907 
51 10.1569 
52 10.9641 
53 9.94033 
54 7.93756 
55 12.1415 
56 12.2877 
57 4.0683 
58 1.07991 
59 9.6817 
0 35.7396 
1 29.0285 
2 26.5168 
3 23.0945 
4 26.2843 
5 25.5625 
6 26.4271 
7 24.33 
8 27.4413 
9 20.8124 
10 29.155 
11 25.1076 
12 27.4227 
13 23.0963 
14 24.6975 
15 28.6247 
16 18.8546 
17 17.8104 
18 16.6391 
19 18.4717 
20 25.8213 
21 26.1718 
22 15.8806 
23 21.0575 
24 14.3687 
25 20.2499 
26 20.2967 
27 17.7351 
28 13.2265 
29 13.5329 
30 21.2986 
31 16.8624 
32 19.4683 
33 14.547 
34 12.1147 
35 12.4137 
36 15.8753 
37 18.3861 
38 14.7075 
39 7.01546 
40 11.636 
41 12.4594 
42 15.9026 
43 6.51846 
44 12.0027 
45 14.8836 
46 10.1466 
47 7.54174 
48 9.02582 
49 1.49869 
50 3.36798 
51 5.44365 
52 7.28467 
53 4.65956 
54 6.89827 
55 8.04524 
56 8.27747 
57 -0.8757 
58 8.28877 
59 -1.662 
0 31.1376 
1 24.7448 
2 28.6682 
3 24.8212 
4 22.9991 
5 30.4754 
6 25.1584 
7 21.7782 
8 23.1373 
9 22.2747 
10 29.621 
11 27.4721 
12 21.3204 
13 25.7653 
14 22.5151 
15 18.7878 
16 25.252 
17 28.279 
18 28.5729 
19 27.5304 
20 24.6246 
21 15.9972 
22 24.9298 
23 20.4417 
24 21.6605 
25 16.1927 
26 14.4528 
27 17.6462 
28 20.2241 
29 23.1094 
30 14.9542 
31 18.2162 
32 15.9836 
33 16.9387 
34 21.8254 
35 17.5109 
36 12.0791 
37 14.5883 
38 19.6714 
39 9.87548 
40 18.5478 
41 12.7457 
42 16.2494 
43 8.66085 
44 11.8186 
45 14.6308 
46 17.8635 
47 13.2443 
48 17.1012 
49 12.9645 
50 15.7822 
51 15.1848 
52 13.2165 
53 12.2548 
54 11.1286 
55 9.2859 
56 3.18458 
57 11.0607 
58 3.41232 
59 5.43794 
0 27.0119 
1 29.9452 
2 30.6532 
3 29.6043 
4 26.8086 
5 26.9231 
6 23.2535 
7 22.23 
8 20.9861 
9 28.3881 
10 24.8389 
11 24.7217 
12 19.8703 
13 19.9859 
14 22.5913 
15 20.57 
16 27.3096 
17 24.9336 
18 17.0405 
19 20.2459 
20 17.8174 
21 23.6925 
22 23.8948 
23 15.1064 
24 16.2029 
25 23.4176 
26 23.6217 
27 15.8307 
28 19.8561 
29 21.8596 
30 11.0828 
31 19.3448 
32 15.2568 
33 13.5007 
34 14.7298 
35 18.9164 
36 9.35319 
37 11.2256 
38 9.02919 
39 9.66589 
40 14.5311 
41 14.711 
42 10.7968 
43 7.92504 
44 16.1162 
45 7.13834 
46 6.33296 
47 12.6102 
48 5.52019 
49 7.67498 
50 12.0797 
51 11.2762 
52 11.7172 
53 8.63025 
54 11.959 
55 7.15758 
56 9.59182 
57 5.23617 
58 1.90397 
59 1.39017 
0 35.0966 
1 33.1028 
2 28.9347 
3 27.8615 
4 34.0126 
5 22.4776 
6 23.8626 
7 22.9774 
8 26.8128 
9 25.5049 
10 28.3907 
11 29.0207 
12 27.4627 
13 29.3677 
14 23.8192 
15 26.8658 
16 24.2003 
17 18.0514 
18 25.5766 
19 25.9572 
20 20.051 
21 14.7552 
22 17.6556 
23 15.8252 
24 23.3505 
25 21.5755 
26 14.7377 
27 15.8648 
28 20.2434 
29 13.2671 
30 10.2116 
31 10.167 
32 15.2671 
33 15.5423 
34 7.51216 
35 17.461 
36 15.5546 
37 15.5886 
38 13.3083 
39 10.7625 
40 8.66552 
41 12.0228 
42 9.47595 
43 8.98736 
44 14.1481 
45 12.1311 
46 11.012 
47 6.98596 
48 6.13932 
49 6.85374 
50 10.225 
51 6.09797 
52 3.70608 
53 8.11839 
54 -1.39903 
55 4.21189 
56 5.90127 
57 -1.51052 
58 -0.971271 
59 2.86561 
0 28.0945 
1 29.2517 
2 29.2025 
3 23.7788 
4 33.3754 
5 25.3099 
6 24.0606 
7 32.7906 
8 27.9607 
9 28.6136 
10 28.4668 
11 24.9699 
12 21.4395 
13 21.961 
14 29.2361 
15 23.6599 
16 22.4952 
17 25.9383 
18 23.2558 
19 24.7159 
20 29.8685 
21 19.2291 
22 23.4089 
23 28.3671 
24 28.5159 
25 23.8428 
26 27.0123 
27 27.1104 
28 21.4223 
29 23.2155 
30 28.368 
31 17.6919 
32 25.2431 
33 24.9222 
34 18.648 
35 27.0239 
36 24.134 
37 20.1883 
38 18.6108 
39 15.5424 
40 14.5142 
41 19.5753 
42 15.1691 
43 20.8684 
44 14.7848 
45 13.291 
46 15.7768 
47 20.2232 
48 16.3171 
49 23.4673 
50 19.4515 
51 18.8633 
52 14.4655 
53 12.6258 
54 22.1343 
55 11.4373 
56 11.6819 
57 20.2316 
58 11.6398 
59 10.6781 
0 35.8373 
1 32.7946 
2 30.5131 
3 31.7084 
4 34.4542 
5 29.156 
6 32.7133 
7 23.5964 
8 22.4118 
9 28.8727 
10 22.3509 
11 24.9384 
12 29.4798 
13 24.7559 
14 21.3034 
15 23.3176 
16 23.5108 
17 26.6263 
18 25.3323 
19 21.9594 
20 29.3138 
21 19.0526 
22 30.092 
23 23.3793 
24 28.7962 
25 21.7695 
26 25.8534 
27 22.6446 
28 24.7966 
29 20.0162 
30 21.4891 
31 21.1572 
32 19.3002 
33 19.3594 
34 19.882 
35 17.7018 
36 23.7338 
37 16.3124 
38 17.3248 
39 23.7821 
40 20.494 
41 18.9899 
42 21.2792 
43 23.881 
44 17.4742 
45 17.3956 
46 14.6654 
47 23.933 
48 18.4765 
49 13.5242 
50 17.4733 
51 12.3863 
52 15.1768 
53 10.8764 
54 17.4471 
55 13.2322 
56 16.0543 
57 13.3942 
58 16.8876 
59 19.2893 
0 32.8419 
1 30.5906 
2 24.2451 
3 27.1099 
4 27.1874 
5 22.5099 
6 31.6122 
7 24.0758 
8 30.9183 
9 21.6329 
10 25.9808 
11 27.0536 
12 28.6944 
13 22.3045 
14 28.9285 
15 23.6589 
16 26.9835 
17 18.9701 
18 21.5888 
19 26.6631 
20 28.6976 
21 17.5878 
22 20.2201 
23 23.2795 
24 18.3831 
25 27.4142 
26 18.1144 
27 24.5893 
28 20.0076 
29 15.496 
30 15.336 
31 19.9484 
32 18.6463 
33 16.7662 
34 14.8263 
35 20.256 
36 24.709 
37 21.0817 
38 13.8329 
39 18.9906 
40 11.8434 
41 22.6398 
42 13.6018 
43 18.7915 
44 19.1882 
45 21.5652 
46 16.1151 
47 12.66 
48 16.7483 
49 14.1459 
50 18.7891 
51 19.4226 
52 17.0956 
53 14.2108 
54 12.012 
55 14.4049 
56 8.10312 
57 9.75679 
58 14.501 
59 11.3823 
0 24.4315 
1 25.7824 
2 35.2561 
3 26.6998 
4 27.0166 
5 34.4813 
6 32.315 
7 33.2189 
8 25.4095 
9 32.4956 
10 21.7881 
11 28.3664 
12 29.8212 
13 30.9363 
14 31.6188 
15 27.262 
16 28.9518 
17 27.7035 
18 25.6918 
19 18.8191 
20 23.2833 
21 29.4444 
22 25.9763 
23 21.9797 
24 20.319 
25 19.1981 
26 24.5807 
27 26.1567 
28 16.2218 
29 25.0294 
30 26.0366 
31 22.3221 
32 18.3629 
33 17.7793 
34 24.6425 
35 24.3427 
36 24.9368 
37 21.8597 
38 16.5224 
39 22.2766 
40 16.1608 
41 22.8283 
42 19.6984 
43 19.927 
44 17.6032 
45 19.5691 
46 21.3295 
47 14.1293 
48 13.402 
49 21.4113 
50 17.9483 
51 19.9437 
52 10.582 
53 13.1161 
54 19.7182 
55 11.2592 
56 8.16121 
57 12.9588 
58 16.0723 
59 13.3423 
0 24.3533 
1 32.4537 
2 30.1623 
3 25.9671 
4 28.9761 
5 22.368 
6 31.4001 
7 24.988 
8 31.0431 
9 27.8945 
10 31.5241 
11 30.4338 
12 29.0218 
13 23.064 
14 25.6775 
15 22.4059 
16 23.5777 
17 20.5268 
18 22.2127 
19 23.4436 
20 26.9127 
21 14.9626 
22 21.4433 
23 25.3975 
24 18.9186 
25 13.8473 
26 21.1135 
27 16.637 
28 23.4948 
29 20.578 
30 20.3911 
31 13.6966 
32 15.1108 
33 9.44602 
34 12.2236 
35 19.525 
36 9.46248 
37 10.1514 
38 8.05892 
39 17.0121 
40 12.1974 
41 16.452 
42 12.5749 
43 16.2184 
44 11.095 
45 5.10706 
46 4.45192 
47 11.2855 
48 10.5764 
49 8.33704 
50 9.29436 
51 9.84957 
52 5.12968 
53 8.53378 
54 7.8735 
55 2.97256 
56 10.8578 
57 7.57085 
58 6.46623 
59 2.31222 
0 30.3437 
1 27.5045 
2 27.6812 
3 30.4553 
4 24.6478 
5 28.7398 
6 33.1153 
7 23.427 
8 21.7956 
9 30.9214 
10 21.1858 
11 22.1884 
12 25.0326 
13 26.0609 
14 28.6734 
15 28.369 
16 24.4704 
17 28.7386 
18 27.0018 
19 28.0525 
20 17.8439 
21 27.3788 
22 27.8012 
23 25.5583 
24 24.987 
25 26.5504 
26 23.6938 
27 18.0178 
28 15.1925 
29 25.7381 
30 23.3975 
31 23.9378 
32 21.5711 
33 14.6873 
34 13.0533 
35 20.2222 
36 12.6165 
37 11.2593 
38 18.6379 
39 21.1704 
40 11.6903 
41 17.3371 
42 17.1382 
43 9.52765 
44 10.5604 
45 14.9921 
46 15.7427 
47 13.2759 
48 11.2816 
49 10.8024 
50 10.6332 
51 14.1697 
52 7.2796 
53 9.88034 
54 12.2622 
55 5.77023 
56 9.29709 
57 11.7296 
58 5.1297 
59 7.31988 
0 27.3432 
1 26.4136 
2 23.7133 
3 23.3798 
4 31.7596 
5 29.8503 
6 25.9467 
7 22.3783 
8 22.5511 
9 21.8173 
10 27.4702 
11 31.4698 
12 22.7185 
13 24.9992 
14 28.1113 
15 22.0138 
16 19.1516 
17 20.847 
18 22.5085 
19 18.6317 
20 26.6906 
21 17.6091 
22 26.1597 
23 16.5502 
24 24.7361 
25 19.39 
26 13.315 
27 19.0185 
28 14.968 
29 16.9505 
30 18.2757 
31 17.6866 
32 21.5503 
33 18.6756 
34 19.9376 
35 9.57349 
36 17.6595 
37 13.7809 
38 17.5686 
39 17.917 
40 8.84436 
41 18.555 
42 13.9173 
43 18.001 
44 16.3785 
45 13.4829 
46 12.824 
47 12.0112 
48 10.63 
49 6.26546 
50 12.1544 
51 9.62529 
52 6.89857 
53 4.52585 
54 2.95955 
55 1.94922 
56 12.7417 
57 0.849901 
58 3.81986 
59 10.4029 
0 31.8512 
1 34.2361 
2 34.814 
3 23.2164 
4 34.4976 
5 24.876 
6 22.6843 
7 32.6369 
8 32.3291 
9 29.0549 
10 25.6756 
11 31.4081 
12 26.0268 
13 21.89 
14 24.5048 
15 28.2669 
16 22.4074 
17 22.2347 
18 19.1878 
19 27.9187 
20 23.177 
21 19.6171 
22 27.1141 
23 26.2855 
24 22.6422 
25 18.7147 
26 17.3133 
27 16.6841 
28 20.766 
29 25.7528 
30 18.9411 
31 14.8252 
32 15.8507 
33 23.8351 
34 22.315 
35 20.2915 
36 19.3308 
37 14.292 
38 18.8216 
39 18.6474 
40 20.8642 
41 14.618 
42 14.6194 
43 14.0314 
44 18.4041 
45 17.8932 
46 15.5054 
47 15.8982 
48 17.3663 
49 20.8492 
50 10.3944 
51 17.8848 
52 17.3155 
53 17.1813 
54 10.9447 
55 12.7998 
56 10.6177 
57 15.1344 
58 18.3529 
59 9.51863 
0 30.2747 
1 29.1253 
2 29.6897 
3 25.5482 
4 27.0979 
5 34.1485 
6 25.2489 
7 26.186 
8 28.1955 
9 29.1789 
10 21.6152 
11 29.5611 
12 24.0293 
13 24.0102 
14 27.8176 
15 19.7116 
16 23.1028 
17 21.0358 
18 19.1497 
19 21.0515 
20 23.0602 
21 25.2367 
22 17.0055 
23 22.8267 
24 22.2329 
25 17.0657 
26 15.3115 
27 26.8371 
28 22.3735 
29 23.9614 
30 20.1694 
31 20.2561 
32 15.4312 
33 23.1483 
34 18.08 
35 18.3264 
36 13.4074 
37 16.0202 
38 19.0145 
39 14.8513 
40 17.8805 
41 18.7887 
42 13.7794 
43 21.3651 
44 12.3036 
45 20.9104 
46 16.0106 
47 8.83626 
48 18.0663 
49 16.9555 
50 16.1972 
51 17.012 
52 8.62362 
53 7.00933 
54 6.05088 
55 16.6404 
56 11.4795 
57 11.1053 
58 8.91041 
59 6.26275 
0 25.2342 
1 30.1412 
2 33.3545 
3 31.9949 
4 34.1381 
5 29.5591 
6 30.1461 
7 23.0317 
8 30.9778 
9 31.9977 
10 29.0209 
11 22.8874 
12 27.2215 
13 22.1893 
14 24.3894 
15 28.031 
16 28.181 
17 18.0944 
18 23.1295 
19 22.0669 
20 16.1861 
21 26.6197 
22 16.4897 
23 25.4254 
24 25.6269 
25 24.5529 
26 20.7388 
27 23.0557 
28 18.4429 
29 20.7455 
30 18.4704 
31 21.6823 
32 20.6943 
33 20.9258 
34 11.5196 
35 12.8914 
36 12.1979 
37 11.3362 
38 17.4035 
39 9.3796 
40 17.8332 
41 11.2102 
42 15.6798 
43 14.853 
44 12.8323 
45 9.4515 
46 13.06 
47 10.6872 
48 6.42355 
49 16.0313 
50 5.04388 
51 12.3613 
52 12.4092 
53 7.36265 
54 2.91396 
55 14.0501 
56 6.32247 
57 8.20207 
58 12.1495 
59 6.74786 
0 29.4036 
1 34.9917 
2 32.7926 
3 24.6805 
4 30.2164 
5 30.135 
6 28.1863 
7 30.7717 
8 26.1793 
9 26.2206 
10 19.8351 
11 19.6399 
12 24.1877 
13 28.539 
14 28.256 
15 19.1186 
16 27.5648 
17 25.3612 
18 15.6888 
19 18.3806 
20 25.9763 
21 25.7234 
22 14.9163 
23 22.184 
24 14.6973 
25 21.1752 
26 16.8884 
27 22.5051 
28 21.0456 
29 22.2931 
30 19.1168 
31 17.2963 
32 13.5217 
33 13.8994 
34 17.1284 
35 7.54818 
36 8.3841 
37 15.874 
38 16.0611 
39 6.12791 
40 8.53994 
41 9.27891 
42 13.1356 
43 13.6461 
44 5.25602 
45 10.9403 
46 4.03417 
47 6.84536 
48 2.45611 
49 8.08277 
50 12.0496 
51 3.07011 
52 5.31799 
53 0.0562239 
54 0.499951 
55 5.64776 
56 5.13304 
57 3.14431 
58 4.20753 
59 2.03519 
0 33.1144 
1 26.6914 
2 25.7253 
3 30.4045 
4 29.5868 
5 31.1791 
6 31.1421 
7 20.8126 
8 21.8706 
9 25.732 
10 22.932 
11 21.8242 
12 25.4164 
13 24.6159 
14 23.1239 
15 19.5583 
16 27.5362 
17 18.3102 
18 16.5238 
19 16.3817 
20 24.4254 
21 14.3574 
22 22.2045 
23 16.4925 
24 17.7859 
25 18.913 
26 17.9895 
27 19.3273 
28 12.0377 
29 16.538 
30 14.6208 
31 9.14273 
32 10.9884 
33 11.774 
34 16.7642 
35 7.31679 
36 6.8178 
37 9.54447 
38 11.1129 
39 7.26489 
40 8.38203 
41 9.96114 
42 7.53571 
43 2.91175 
44 5.42689 
45 2.87478 
46 8.80213 
47 2.8077 
48 11.9813 
49 1.64814 
50 7.0276 
51 0.174981 
52 1.28478 
53 5.22474 
54 2.70788 
55 7.56332 
56 7.8913 
57 0.175348 
58 0.0832371 
59 6.07706 
0 30.4612 
1 29.172 
2 32.5098 
3 29.7274 
4 23.8344 
5 26.0907 
6 23.735 
7 23.1105 
8 31.7255 
9 22.9296 
10 31.0508 
11 23.3209 
12 27.1882 
13 18.231 
14 22.9514 
15 21.9442 
16 25.3884 
17 26.8089 
18 20.7333 
19 16.5758 
20 23.5578 
21 20.7329 
22 18.3464 
23 24.1526 
24 16.6486 
25 16.2341 
26 17.9854 
27 11.7722 
28 19.8727 
29 19.6216 
30 19.3654 
31 14.6082 
32 11.2647 
33 20.6043 
34 11.1797 
35 18.6428 
36 14.2458 
37 10.8296 
38 7.23503 
39 10.1942 
40 16.7308 
41 11.4697 
42 7.31103 
43 10.611 
44 6.92379 
45 3.44007 
46 9.46513 
47 4.7637 
48 2.83809 
49 8.80697 
50 1.95951 
51 2.8637 
52 6.72767 
53 0.368986 
54 1.37415 
55 -0.166977 
56 2.1253 
57 8.30606 
58 4.90753 
59 -0.431755 
0 30.8171 
1 28.0794 
2 24.6279 
3 23.9332 
4 28.6604 
5 25.7043 
6 27.5007 
7 23.5134 
8 30.3771 
9 27.5951 
10 22.9376 
11 26.6836 
12 25.2081 
13 26.8342 
14 22.931 
15 17.7319 
16 17.5442 
17 24.1674 
18 25.6018 
19 19.2691 
20 14.9781 
21 17.2233 
22 18.9624 
23 22.2813 
24 17.0349 
25 23.7888 
26 14.8775 
27 18.113 
28 10.9805 
29 11.661 
30 14.331 
31 19.9421 
32 11.1751 
33 10.7139 
34 15.6747 
35 15.4683 
36 16.0096 
37 14.9722 
38 15.1011 
39 15.1312 
40 15.1543 
41 10.4921 
42 14.7537 
43 5.22246 
44 5.39285 
45 13.6057 
46 11.7748 
47 6.30722 
48 3.36983 
49 10.1068 
50 7.77903 
51 10.2085 
52 1.49295 
53 4.82216 
54 0.0189295 
55 8.01917 
56 -0.278892 
57 -0.0486482 
58 5.75672 
59 2.71798 
0 32.1515 
1 25.8943 
2 31.4468 
3 24.3034 
4 34.8277 
5 30.5989 
6 24.9039 
7 25.9072 
8 31.5251 
9 22.8009 
10 30.235 
11 22.536 
12 29.7998 
13 31.1458 
14 30.1842 
15 22.3677 
16 21.5713 
17 24.4828 
18 25.6565 
19 29.5775 
20 27.7878 
21 26.0646 
22 19.5227 
23 28.2517 
24 27.8534 
25 19.9153 
26 22.2536 
27 21.1315 
28 25.3958 
29 25.7804 
30 21.1055 
31 21.2823 
32 26.6284 
33 15.132 
34 17.0141 
35 21.1337 
36 14.4105 
37 20.5722 
38 22.7793 
39 17.4731 
40 19.161 
41 14.846 
42 18.4085 
43 20.5789 
44 20.7686 
45 20.1037 
46 21.9219 
47 17.7809 
48 11.2776 
49 11.5917 
50 18.7971 
51 12.1597 
52 12.6644 
53 16.2435 
54 16.6527 
55 10.4079 
56 18.4884 
57 18.4867 
58 16.4774 
59 8.3664 
0 31.3466 
1 28.2446 
2 34.2753 
3 29.885 
4 30.5727 
5 32.373 
6 24.0311 
7 24.0567 
8 24.0991 
9 23.7766 
10 28.9931 
11 29.8534 
12 26.4851 
13 29.2446 
14 28.1447 
15 22.5279 
16 20.3898 
17 20.5696 
18 27.9208 
19 18.7861 
20 22.1442 
21 20.1633 
22 17.6157 
23 19.5406 
24 20.3424 
25 22.0605 
26 21.3582 
27 23.9507 
28 13.4466 
29 12.9735 
30 18.4063 
31 17.3493 
32 17.4248 
33 11.0413 
34 14.9124 
35 10.1469 
36 16.7306 
37 9.84509 
38 14.8402 
39 18.2828 
40 18.4262 
41 10.059 
42 16.7595 
43 14.1866 
44 14.3007 
45 14.2774 
46 12.8234 
47 15.5741 
48 10.7891 
49 10.9568 
50 8.36116 
51 4.11596 
52 3.73244 
53 3.50793 
54 2.28789 
55 9.76838 
56 9.66064 
57 2.18318 
58 6.93302 
59 4.6697 
0 35.4389 
1 24.1039 
2 27.345 
3 28.9824 
4 34.4881 
5 27.9524 
6 32.55 
7 25.2548 
8 29.1884 
9 24.766 
10 29.2351 
11 20.5195 
12 19.7454 
13 27.3064 
14 29.2262 
15 27.5098 
16 21.8793 
17 25.1986 
18 19.4699 
19 19.3733 
20 19.3708 
21 26.5191 
22 19.2701 
23 18.1835 
24 24.9264 
25 15.0816 
26 17.4017 
27 14.3512 
28 22.6177 
29 22.3426 
30 22.6272 
31 15.1356 
32 16.3852 
33 13.4787 
34 21.9137 
35 21.0717 
36 18.0245 
37 15.1782 
38 19.7148 
39 11.9191 
40 18.6495 
41 16.2416 
42 12.7828 
43 17.7098 
44 17.7149 
45 8.37173 
46 13.7016 
47 7.53667 
48 9.19026 
49 11.098 
50 13.7137 
51 8.59462 
52 11.0058 
53 15.0312 
54 10.0609 
55 7.61339 
56 13.2946 
57 12.2918 
58 12.4776 
59 11.0946 
0 27.9193 
1 27.0722 
2 29.1562 
3 29.6406 
4 25.4011 
5 27.7293 
6 33.3794 
7 31.5525 
8 22.5289 
9 22.002 
10 28.3321 
11 22.081 
12 27.3716 
13 23.1747 
14 24.1321 
15 19.5037 
16 25.7138 
17 30.2552 
18 28.3204 
19 29.6174 
20 29.2198 
21 23.3708 
22 25.0809 
23 19.3355 
24 23.7811 
25 17.9405 
26 18.7848 
27 22.2014 
28 15.4729 
29 18.5668 
30 17.3943 
31 15.2046 
32 16.5523 
33 20.4229 
34 17.7686 
35 18.5123 
36 12.4932 
37 19.4073 
38 12.8058 
39 21.4043 
40 17.2232 
41 22.4157 
42 22.2946 
43 17.5641 
44 16.8903 
45 18.9993 
46 10.9829 
47 17.7343 
48 17.6279 
49 14.0571 
50 8.59875 
51 10.0365 
52 9.67112 
53 10.6336 
54 18.5627 
55 12.7214 
56 15.1715 
57 6.37333 
58 6.06895 
59 9.15327 
0 26.2727 
1 31.2289 
2 29.7408 
3 34.2078 
4 33.3289 
5 33.6097 
6 31.0716 
7 22.5296 
8 28.5874 
9 21.1298 
10 23.5573 
11 28.078 
12 27.5457 
13 25.8247 
14 18.4541 
15 25.9026 
16 24.4479 
17 24.003 
18 23.1994 
19 22.1578 
20 17.7109 
21 23.9216 
22 20.5496 
23 15.9133 
24 17.6992 
25 13.8826 
26 17.494 
27 16.3595 
28 20.6789 
29 11.7902 
30 18.4239 
31 10.4925 
32 11.0013 
33 17.9941 
34 11.673 
35 11.0144 
36 11.4369 
37 16.1966 
38 16.4348 
39 7.33085 
40 15.0886 
41 16.7791 
42 14.4489 
43 9.55112 
44 11.3309 
45 10.5639 
46 5.99189 
47 8.3691 
48 11.4018 
49 7.86494 
50 2.52577 
51 4.6316 
52 9.33515 
53 6.77215 
54 3.01827 
55 3.67469 
56 0.454739 
57 5.36246 
58 6.94501 
59 7.90108 
0 26.1482 
1 30.8284 
2 27.1216 
3 31.7969 
4 26.8118 
5 24.6808 
6 31.3791 
7 22.0465 
8 22.0336 
9 24.293 
10 30.875 
11 22.4931 
12 30.8887 
13 19.1674 
14 19.1992 
15 27.6955 
16 17.3703 
17 27.6476 
18 23.8424 
19 26.4933 
20 23.6347 
21 23.5766 
22 20.8837 
23 18.7861 
24 18.8976 
25 18.0908 
26 22.0207 
27 20.674 
28 23.89 
29 12.646 
30 18.4484 
31 17.7315 
32 17.8974 
33 14.679 
34 13.5982 
35 12.6892 
36 19.8319 
37 12.4893 
38 9.74459 
39 18.9896 
40 18.8195 
41 16.5173 
42 12.0243 
43 14.1313 
44 13.3935 
45 15.473 
46 11.1404 
47 5.09371 
48 15.2645 
49 14.6508 
50 8.29928 
51 3.16253 
52 12.0389 
53 4.8927 
54 7.55165 
55 12.3151 
56 9.58147 
57 5.46155 
58 2.9842 
59 8.98081 
0 30.8314 
1 31.9645 
2 31.0937 
3 29.7727 
4 31.5375 
5 23.6594 
6 31.4132 
7 27.3876 
8 27.8315 
9 28.4347 
10 32.4413 
11 25.239 
12 22.7223 
13 20.3257 
14 24.5093 
15 20.2113 
16 19.6383 
17 24.8458 
18 22.2237 
19 25.9531 
20 27.8416 
21 26.0366 
22 19.9267 
23 21.4899 
24 25.5593 
25 24.4278 
26 23.8868 
27 18.595 
28 24.1054 
29 20.6542 
30 18.7137 
31 25.6805 
32 21.2829 
33 18.3744 
34 20.2776 
35 16.88 
36 23.4373 
37 13.7654 
38 12.4613 
39 21.0189 
40 20.7144 
41 17.0994 
42 16.3009 
43 17.9834 
44 10.6646 
45 13.5196 
46 16.6281 
47 9.87368 
48 14.9148 
49 16.8165 
50 18.8493 
51 14.6247 
52 15.5761 
53 15.0189 
54 9.10473 
55 12.5525 
56 8.81479 
57 9.74044 
58 6.20328 
59 14.6646 
0 27.2873 
1 35.6034 
2 32.7002 
3 28.5708 
4 33.8999 
5 25.4061 
6 27.3439 
7 29.169 
8 27.3061 
9 32.7211 
10 27.1206 
11 35.7668 
12 29.1411 
13 24.5898 
14 29.0551 
15 31.9386 
16 26.359 
17 28.5675 
18 27.3366 
19 27.1529 
20 18.5555 
21 14.7511 
22 12.1938 
23 11.9485 
24 11.4476 
25 13.4111 
26 21.903 
27 20.302 
28 11.1248 
29 21.9772 
30 16.7715 
31 12.3719 
32 13.8165 
33 13.4831 
34 18.0586 
35 13.0608 
36 21.7205 
37 21.3651 
38 15.9409 
39 15.0158 
40 16.9459 
41 20.5939 
42 14.7735 
43 18.8327 
44 10.8751 
45 15.7352 
46 11.0642 
47 10.3863 
48 17.4031 
49 20.4584 
50 20.3556 
51 20.0717 
52 21.1212 
53 16.105 
54 10.4979 
55 17.6448 
56 17.5383 
57 19.0453 
58 13.9377 
59 16.0668 
0 27.0112 
1 25.9264 
2 27.6876 
3 29.5579 
4 24.5461 
5 25.7461 
6 33.5892 
7 35.8428 
8 30.105 
9 31.7403 
10 32.8812 
11 31.1013 
12 26.3127 
13 32.5162 
14 27.6913 
15 26.8885 
16 26.969 
17 27.7838 
18 33.9384 
19 32.5874 
20 31.0536 
21 29.4719 
22 31.351 
23 32.3777 
24 33.1537 
25 25.9264 
26 24.2515 
27 27.0002 
28 32.0399 
29 35.9067 
30 25.4641 
31 29.3871 
32 33.2462 
33 24.1322 
34 34.418 
35 29.5748 
36 35.5054 
37 33.7306 
38 10.2381 
39 18.4345 
40 16.8686 
41 14.4413 
42 19.7054 
43 13.9584 
44 19.1803 
45 15.3105 
46 10.1617 
47 13.972 
48 12.6012 
49 18.9622 
50 10.1662 
51 8.74318 
52 9.08396 
53 11.19 
54 15.4343 
55 13.4542 
56 10.2326 
57 8.17509 
58 16.7229 
59 16.1463 
0 33.3017 
1 28.7812 
2 27.331 
3 26.5088 
4 32.666 
5 32.5911 
6 27.6087 
7 34.5748 
8 30.2097 
9 33.9803 
10 32.0946 
11 35.0394 
12 35.8634 
13 29.9335 
14 35.6923 
15 31.4707 
16 31.9698 
17 28.0923 
18 25.12 
19 28.7735 
20 30.4256 
21 27.2488 
22 26.8966 
23 29.1113 
24 26.2496 
25 31.8019 
26 29.3831 
27 32.6499 
28 32.9587 
29 25.3426 
30 27.4298 
31 31.4579 
32 30.1671 
33 27.0824 
34 35.0882 
35 27.0318 
36 32.854 
37 35.9681 
38 9.4212 
39 18.9869 
40 11.7552 
41 17.6025 
42 16.2687 
43 11.4997 
44 10.7722 
45 7.61632 
46 9.94449 
47 15.6316 
48 16.8824 
49 11.8184 
50 8.44844 
51 15.3915 
52 18.182 
53 10.9084 
54 12.1074 
55 8.04045 
56 10.1064 
57 14.8006 
58 8.53106 
59 8.78371 
0 24.863 
1 33.3355 
2 28.3622 
3 25.8464 
4 32.2276 
5 26.5889 
6 27.1203 
7 32.3693 
8 32.7729 
9 35.5145 
10 32.7016 
11 27.2492 
12 24.0988 
13 28.9398 
14 31.1296 
15 31.9485 
16 33.2918 
17 30.2203 
18 29.5729 
19 27.9076 
20 28.9861 
21 12.9491 
22 11.3671 
23 16.4028 
24 9.65917 
25 19.2234 
26 21.3724 
27 16.1197 
28 17.8798 
29 19.6644 
30 19.6901 
31 13.9949 
32 10.3481 
33 9.73188 
34 20.8395 
35 17.9249 
36 19.5991 
37 17.9638 
38 12.0222 
39 10.3022 
40 19.7764 
41 15.0232 
42 10.8897 
43 10.8728 
44 16.3246 
45 13.1382 
46 9.38853 
47 12.049 
48 12.9278 
49 16.3723 
50 16.1568 
51 15.6805 
52 11.0021 
53 17.6422 
54 18.8437 
55 21.2442 
56 10.5229 
57 15.78 
58 18.655 
59 13.967 
0 27.1687 
1 28.9556 
2 26.5085 
3 26.3256 
4 27.7504 
5 31.7931 
6 28.0574 
7 28.3714 
8 35.3082 
9 35.1807 
10 27.07 
11 30.5292 
12 35.3126 
13 27.5991 
14 24.8788 
15 26.1989 
16 25.2922 
17 29.1385 
18 25.4729 
19 33.2429 
20 24.6147 
21 33.569 
22 30.2997 
23 32.8713 
24 30.7131 
25 26.8592 
26 32.3381 
27 31.0422 
28 28.9141 
29 25.3708 
30 35.3882 
31 32.1761 
32 24.6698 
33 34.8245 
34 34.2796 
35 33.8587 
36 8.65296 
37 13.49 
38 13.8715 
39 8.6537 
40 16.9885 
41 18.4008 
42 11.7839 
43 18.7456 
44 18.4008 
45 18.2091 
46 15.7576 
47 10.1898 
48 17.3572 
49 18.9549 
50 15.528 
51 8.26224 
52 8.73191 
53 10.4277 
54 16.2096 
55 7.98976 
56 18.4485 
57 8.18916 
58 9.99515 
59 18.4427 
0 34.0736 
1 24.1785 
2 28.9501 
3 31.1336 
4 35.5046 
5 30.9853 
6 33.0707 
7 24.3272 
8 30.3511 
9 29.5538 
10 31.9404 
11 31.7957 
12 32.3058 
13 33.3626 
14 32.0384 
15 31.734 
16 35.671 
17 26.1581 
18 31.7432 
19 29.7418 
20 27.4618 
21 13.5398 
22 9.0325 
23 15.5661 
24 18.9698 
25 11.8454 
26 18.2402 
27 19.0267 
28 13.6 
29 18.9559 
30 17.8179 
31 11.9255 
32 17.2571 
33 8.68107 
34 10.7603 
35 13.4652 
36 14.1233 
37 17.4099 
38 11.3386 
39 13.6213 
40 14.1141 
41 9.69203 
42 16.6736 
43 17.8201 
44 16.6086 
45 18.6279 
46 8.22058 
47 13.896 
48 14.8188 
49 19.9595 
50 18.1487 
51 9.10925 
52 18.603 
53 15.5389 
54 12.8009 
55 14.2602 
56 19.3984 
57 13.6921 
58 13.2669 
59 14.3825 
0 28.6358 
1 35.5542 
2 28.9894 
3 26.8827 
4 30.2795 
5 35.2942 
6 33.5495 
7 32.7218 
8 30.094 
9 32.9506 
10 34.3556 
11 33.5826 
12 27.7563 
13 33.0487 
14 25.2184 
15 31.8941 
16 34.3178 
17 25.636 
18 32.5698 
19 24.8171 
20 27.4643 
21 12.4077 
22 9.31423 
23 12.147 
24 8.34257 
25 7.50164 
26 11.2227 
27 12.91 
28 10.2073 
29 14.853 
30 6.47893 
31 11.3328 
32 14.1615 
33 5.53297 
34 14.1417 
35 15.0403 
36 13.5064 
37 5.2627 
38 6.36142 
39 13.7892 
40 13.5016 
41 8.49019 
42 11.2223 
43 15.3913 
44 9.33039 
45 15.9246 
46 13.675 
47 13.5071 
48 12.0273 
49 12.4 
50 11.4213 
51 8.0106 
52 12.9512 
53 8.77956 
54 11.031 
55 12.1238 
56 12.0195 
57 12.9097 
58 8.29079 
59 10.5966 
0 26.4567 
1 26.511 
2 35.3419 
3 32.0608 
4 32.2632 
5 31.0069 
6 35.1903 
7 32.0153 
8 35.7125 
9 29.3592 
10 30.3217 
11 27.1948 
12 26.4049 
13 25.7663 
14 34.9854 
15 32.698 
16 32.1901 
17 24.0911 
18 34.0754 
19 26.1857 
20 12.0221 
21 15.1641 
22 17.9983 
23 14.5431 
24 10.63 
25 8.4634 
26 16.3208 
27 19.5046 
28 11.6795 
29 18.6438 
30 15.1031 
31 16.0615 
32 17.2822 
33 9.83239 
34 12.0236 
35 10.0773 
36 19.1623 
37 9.00211 
38 9.98038 
39 12.1595 
40 17.8411 
41 7.80204 
42 12.2674 
43 11.5165 
44 18.3434 
45 19.0603 
46 11.0071 
47 18.1793 
48 13.3313 
49 14.5743 
50 18.8495 
51 11.5231 
52 18.7154 
53 18.3214 
54 19.4741 
55 12.0544 
56 16.2246 
57 9.51438 
58 19.2659 
59 18.1352 
0 25.7762 
1 30.9915 
2 32.8919 
3 35.744 
4 28.5234 
5 31.3657 
6 33.4875 
7 30.3309 
8 26.995 
9 30.8038 
10 33.4317 
11 27.0946 
12 24.6584 
13 32.4244 
14 24.928 
15 26.7053 
16 33.5147 
17 24.365 
18 25.2831 
19 26.0627 
20 30.722 
21 33.2058 
22 26.4442 
23 32.807 
24 24.8553 
25 28.9744 
26 28.7918 
27 31.6341 
28 26.1126 
29 34.0802 
30 28.7004 
31 29.1234 
32 33.6546 
33 24.4179 
34 27.9366 
35 33.0729 
36 26.9168 
37 35.1543 
38 30.6694 
39 13.99 
40 7.05213 
41 16.4724 
42 17.0978 
43 10.6266 
44 8.21328 
45 13.2894 
46 8.94111 
47 6.26077 
48 16.7456 
49 9.87091 
50 11.4404 
51 14.1589 
52 6.58246 
53 13.1406 
54 7.07269 
55 10.9604 
56 16.8811 
57 16.4445 
58 14.2559 
59 12.2281 
0 27.3894 
1 33.9344 
2 27.811 
3 30.647 
4 35.8553 
5 35.6214 
6 31.1075 
7 27.6704 
8 24.3536 
9 34.2418 
10 25.3227 
11 30.4509 
12 24.3154 
13 31.4648 
14 24.3933 
15 30.5809 
16 26.9414 
17 29.4187 
18 28.5719 
19 25.452 
20 27.5565 
21 25.4707 
22 29.545 
23 34.4882 
24 26.5581 
25 28.9406 
26 34.0016 
27 35.9592 
28 27.9417 
29 24.9078 
30 29.3155 
31 29.3228 
32 34.2807 
33 32.8988 
34 25.5871 
35 24.9203 
36 31.0091 
37 29.1906 
38 25.5078 
39 14.2669 
40 11.7493 
41 5.57373 
42 12.8957 
43 7.23834 
44 9.14458 
45 13.2251 
46 11.6027 
47 14.9731 
48 8.52361 
49 13.3547 
50 10.89 
51 10.5841 
52 15.6293 
53 14.9441 
54 7.46308 
55 11.2249 
56 11.3468 
57 8.38553 
58 8.38737 
59 6.82008 
