0 29.449026415094337 
1 29.07860943396226 
2 29.807788679245284 
3 29.59869433962264 
4 30.080743396226428 
5 30.43056226415095 
6 29.562677358490568 
7 30.692205660377354 
8 30.313247169811323 
9 29.95182452830189 
10 30.080064150943393 
11 29.95830754716981 
12 29.74455660377359 
13 30.24399622641509 
14 29.699818867924535 
15 31.084818867924533 
16 29.931139622641506 
17 29.758341509433965 
18 29.948630188679243 
19 30.108694339622637 
20 30.12565660377359 
21 29.255139622641515 
22 29.47226981132076 
23 30.470379245283016 
24 29.706856603773588 
25 29.536762264150948 
26 30.314788679245282 
27 31.092560377358495 
28 31.90836037735849 
29 32.23202452830189 
30 31.68810754716981 
31 34.87650188679246 
32 36.137037735849056 
33 37.9227716981132 
34 38.8889679245283 
35 39.98656981132076 
36 41.463300000000004 
37 42.584847169811326 
38 43.166137735849055 
39 45.80659433962262 
40 44.904945283018854 
41 45.65856603773584 
42 45.65992452830188 
43 46.12579056603775 
44 45.04643584905661 
45 45.89062830188679 
46 46.569843396226425 
47 45.10344150943395 
48 45.66325283018869 
49 44.96571320754718 
50 45.6396924528302 
51 45.67617547169811 
52 45.415718867924525 
53 45.037250943396224 
54 45.29578867924528 
55 45.575915094339635 
56 45.497705660377356 
57 45.39307358490565 
58 45.99207924528301 
59 45.42423584905661 
0 31.4057 
1 25.2827 
2 27.6296 
3 25.0763 
4 35.6963 
5 35.9387 
6 26.5382 
7 28.4367 
8 36.0022 
9 32.0851 
10 34.4265 
11 29.1624 
12 28.8315 
13 32.5008 
14 24.1998 
15 26.8276 
16 25.951 
17 24.5696 
18 31.8324 
19 33.4445 
20 34.6182 
21 31.1097 
22 29.5821 
23 28.1562 
24 26.5529 
25 30.4796 
26 34.8113 
27 35.3798 
28 47.9502 
29 43.1994 
30 44.17 
31 53.0376 
32 45.2169 
33 48.519 
34 44.6786 
35 50.8273 
36 52.1361 
37 44.2174 
38 52.5165 
39 54.0078 
40 48.3662 
41 45.38 
42 45.9356 
43 51.2816 
44 50.7443 
45 46.6462 
46 43.9354 
47 43.0713 
48 48.1833 
49 44.5527 
50 52.7787 
51 53.0626 
52 52.7824 
53 48.1419 
54 47.6909 
55 46.2305 
56 46.4262 
57 42.1283 
58 48.7797 
59 45.5261 
0 25.3132 
1 29.4558 
2 27.8929 
3 26.3983 
4 24.3474 
5 35.1044 
6 28.0067 
7 31.3058 
8 29.1561 
9 24.7183 
10 27.6068 
11 29.0588 
12 27.7409 
13 24.6885 
14 30.4877 
15 30.1131 
16 25.4994 
17 34.8781 
18 31.0032 
19 27.4643 
20 25.0234 
21 24.5574 
22 27.7636 
23 35.2773 
24 32.0506 
25 30.3617 
26 32.0906 
27 34.938 
28 26.283 
29 34.765 
30 24.9827 
31 27.4526 
32 34.3211 
33 31.5563 
34 26.9102 
35 24.1061 
36 26.8261 
37 29.0155 
38 48.932 
39 49.2078 
40 49.1556 
41 43.5482 
42 45.858 
43 51.5312 
44 47.3933 
45 43.5746 
46 54.5313 
47 44.4001 
48 45.139 
49 46.2858 
50 54.9118 
51 52.7129 
52 55.3194 
53 44.8456 
54 49.8868 
55 54.4854 
56 45.4647 
57 52.8844 
58 51.3556 
59 54.1924 
0 27.6843 
1 31.0146 
2 27.164 
3 35.1447 
4 31.5214 
5 30.8292 
6 33.7203 
7 33.9729 
8 26.4776 
9 27.1004 
10 30.5321 
11 34.7907 
12 25.3767 
13 28.8153 
14 34.7823 
15 28.1004 
16 32.8382 
17 27.5492 
18 25.3558 
19 29.8946 
20 28.6226 
21 30.8883 
22 24.5776 
23 24.4656 
24 32.4101 
25 32.0432 
26 34.4437 
27 30.8575 
28 26.2749 
29 33.3505 
30 27.7838 
31 39.3342 
32 45.2732 
33 41.5103 
34 43.0416 
35 36.691 
36 39.7837 
37 39.7892 
38 37.4628 
39 40.9294 
40 42.3076 
41 41.2335 
42 46.4326 
43 45.5817 
44 44.1477 
45 41.9304 
46 45.3603 
47 34.8615 
48 42.4684 
49 38.5245 
50 37.7856 
51 35.7814 
52 41.8779 
53 43.0237 
54 36.5264 
55 37.8367 
56 44.1903 
57 36.8088 
58 46.7304 
59 39.3408 
0 35.9703 
1 29.5733 
2 25.2482 
3 24.0154 
4 29.7918 
5 25.5886 
6 30.9889 
7 30.1572 
8 35.3989 
9 27.3175 
10 35.1341 
11 35.4378 
12 33.8374 
13 27.5378 
14 28.9916 
15 30.661 
16 32.1626 
17 24.5743 
18 25.3029 
19 32.6745 
20 25.1957 
21 24.2145 
22 29.9291 
23 32.4321 
24 32.5121 
25 32.5327 
26 28.7911 
27 29.6614 
28 32.0443 
29 33.9737 
30 31.0506 
31 47.5933 
32 43.2439 
33 43.6985 
34 51.4601 
35 44.6485 
36 46.564 
37 45.7935 
38 46.5441 
39 50.9886 
40 41.6021 
41 51.9933 
42 49.794 
43 48.4757 
44 49.7345 
45 43.1349 
46 49.9864 
47 42.2763 
48 50.7201 
49 52.0524 
50 50.3393 
51 48.4783 
52 45.4201 
53 43.0985 
54 46.4027 
55 47.6047 
56 52.3653 
57 50.3004 
58 46.2786 
59 51.8075 
0 25.3705 
1 26.0271 
2 27.0336 
3 28.8987 
4 33.3887 
5 29.7521 
6 29.2777 
7 28.5601 
8 31.6988 
9 29.6133 
10 25.1296 
11 31.0293 
12 28.9523 
13 27.4651 
14 27.8819 
15 30.1135 
16 32.9231 
17 26.3862 
18 27.3164 
19 29.3262 
20 24.2376 
21 32.7732 
22 33.0626 
23 27.6366 
24 24.7043 
25 27.341 
26 30.7374 
27 26.2015 
28 30.4814 
29 28.743 
30 33.2455 
31 26.3833 
32 31.5662 
33 30.5894 
34 30.5754 
35 31.4538 
36 32.2492 
37 51.4732 
38 52.1371 
39 53.956 
40 48.9291 
41 45.1824 
42 51.2077 
43 47.3596 
44 50.55 
45 53.2968 
46 52.3531 
47 50.9613 
48 44.8834 
49 48.3224 
50 44.5687 
51 47.321 
52 49.0976 
53 54.1341 
54 48.9776 
55 49.8112 
56 51.5639 
57 50.2272 
58 46.5789 
59 50.1277 
0 27.5767 
1 31.1718 
2 31.0906 
3 34.5627 
4 34.7841 
5 31.4854 
6 27.6336 
7 31.0741 
8 30.7293 
9 26.8812 
10 32.0796 
11 32.3212 
12 35.8101 
13 32.0131 
14 31.6393 
15 25.2757 
16 32.7112 
17 33.3784 
18 28.5161 
19 27.9906 
20 31.6767 
21 29.6526 
22 28.7111 
23 34.429 
24 32.9609 
25 31.5247 
26 31.9856 
27 28.039 
28 35.7426 
29 30.4407 
30 30.8692 
31 28.3479 
32 32.2107 
33 35.9034 
34 32.6289 
35 32.572 
36 27.8062 
37 34.2987 
38 27.8676 
39 49.5346 
40 42.7466 
41 45.4772 
42 44.3734 
43 49.5427 
44 49.3499 
45 43.6 
46 51.2249 
47 40.7658 
48 42.1531 
49 52.0449 
50 45.515 
51 46.425 
52 49.7384 
53 45.3068 
54 49.3804 
55 48.9302 
56 44.5988 
57 51.9282 
58 48.8806 
59 49.5185 
0 35.812 
1 33.6685 
2 24.2288 
3 35.1929 
4 26.6499 
5 32.2937 
6 30.4469 
7 35.0999 
8 29.0838 
9 25.506 
10 28.328 
11 27.3259 
12 26.6634 
13 25.5989 
14 25.98 
15 27.0622 
16 29.7543 
17 32.1993 
18 34.6358 
19 24.4216 
20 26.6612 
21 29.9864 
22 28.8627 
23 27.1067 
24 25.5868 
25 26.7692 
26 26.3693 
27 33.0674 
28 29.8663 
29 26.9991 
30 24.5696 
31 55.6582 
32 55.4592 
33 54.2151 
34 50.2818 
35 46.4359 
36 46.361 
37 46.4939 
38 48.8786 
39 43.898 
40 50.8333 
41 52.4899 
42 50.9857 
43 55.1537 
44 55.6402 
45 45.5222 
46 53.0308 
47 46.9544 
48 45.7485 
49 48.0179 
50 49.7379 
51 47.6602 
52 48.8941 
53 53.4615 
54 53.1835 
55 49.4603 
56 45.3654 
57 51.8751 
58 53.9679 
59 48.1523 
0 26.8529 
1 26.518 
2 35.6005 
3 30.8821 
4 35.7051 
5 24.8784 
6 29.2443 
7 25.7017 
8 33.4864 
9 31.4413 
10 25.5596 
11 25.8064 
12 27.0303 
13 29.7756 
14 31.5412 
15 34.8249 
16 33.8933 
17 32.2962 
18 25.2757 
19 30.3929 
20 30.5042 
21 26.7365 
22 33.789 
23 26.9278 
24 30.0683 
25 26.7178 
26 30.9838 
27 28.3442 
28 33.3979 
29 34.252 
30 27.565 
31 30.5233 
32 35.0412 
33 28.8719 
34 32.9517 
35 34.8036 
36 51.2741 
37 50.731 
38 51.2686 
39 46.5788 
40 46.8193 
41 54.4854 
42 51.4647 
43 51.6828 
44 50.6447 
45 45.4107 
46 48.4784 
47 51.8378 
48 50.0127 
49 43.3216 
50 44.0696 
51 44.659 
52 49.402 
53 48.8178 
54 48.4784 
55 53.5578 
56 50.8327 
57 49.666 
58 50.7493 
59 43.7909 
0 32.8581 
1 28.877 
2 26.7993 
3 28.6479 
4 25.1799 
5 32.4953 
6 28.436 
7 27.2752 
8 28.0177 
9 35.9317 
10 30.1498 
11 34.9722 
12 24.2501 
13 32.3425 
14 28.5528 
15 31.3793 
16 28.147 
17 29.101 
18 25.4568 
19 29.5167 
20 35.5292 
21 24.3437 
22 27.5389 
23 24.1421 
24 35.8087 
25 26.5022 
26 25.3499 
27 26.1453 
28 30.6338 
29 29.9567 
30 31.7601 
31 26.9341 
32 53.6177 
33 54.1013 
34 44.966 
35 51.2355 
36 53.9254 
37 52.942 
38 54.5339 
39 48.2809 
40 46.0118 
41 53.8997 
42 50.561 
43 55.25 
44 52.6684 
45 45.4573 
46 47.4392 
47 47.3272 
48 51.1441 
49 44.522 
50 46.2057 
51 52.6424 
52 49.8401 
53 54.3573 
54 53.9489 
55 53.4359 
56 49.3972 
57 44.4442 
58 49.4703 
59 48.4689 
0 30.2372 
1 26.8089 
2 25.4501 
3 35.0265 
4 35.9736 
5 28.1885 
6 24.6999 
7 30.1447 
8 26.8247 
9 33.974 
10 26.5683 
11 31.9419 
12 32.6205 
13 27.2334 
14 26.6275 
15 32.8636 
16 24.2317 
17 28.1176 
18 27.7438 
19 32.8933 
20 30.1039 
21 28.551 
22 32.9539 
23 32.352 
24 27.0006 
25 26.684 
26 40.8199 
27 45.1325 
28 37.9809 
29 45.1252 
30 39.4241 
31 48.8099 
32 39.6874 
33 40.3572 
34 45.2732 
35 42.7401 
36 41.0681 
37 45.9228 
38 37.5487 
39 45.0345 
40 42.6035 
41 46.3565 
42 38.5428 
43 43.0893 
44 45.6338 
45 44.7649 
46 47.6348 
47 42.7438 
48 38.758 
49 38.9529 
50 42.2278 
51 48.927 
52 45.362 
53 42.7864 
54 47.5213 
55 44.3544 
56 44.6371 
57 41.8709 
58 42.3582 
59 38.849 
0 26.9627 
1 26.261 
2 26.1402 
3 35.762 
4 25.5284 
5 35.5814 
6 27.8059 
7 24.4476 
8 35.2975 
9 27.6777 
10 32.3572 
11 29.3739 
12 33.3329 
13 30.1223 
14 26.6517 
15 31.6657 
16 28.5572 
17 32.9109 
18 32.5268 
19 32.4449 
20 28.2796 
21 24.202 
22 25.1611 
23 28.5073 
24 28.4412 
25 27.1089 
26 28.7588 
27 33.6167 
28 35.4646 
29 29.6298 
30 39.8637 
31 40.8981 
32 37.7613 
33 43.1305 
34 45.5563 
35 41.6627 
36 40.72 
37 46.7248 
38 45.0495 
39 37.761 
40 40.6044 
41 46.4564 
42 47.6274 
43 36.9542 
44 45.6775 
45 37.2153 
46 39.6716 
47 40.5944 
48 44.0393 
49 48.1503 
50 43.6376 
51 42.6861 
52 44.0459 
53 40.9657 
54 39.6103 
55 44.1062 
56 45.1876 
57 40.9113 
58 43.1286 
59 43.252 
0 24.8901 
1 30.173 
2 25.4446 
3 28.4496 
4 28.5524 
5 32.0491 
6 30.9827 
7 33.6384 
8 34.3684 
9 26.9969 
10 32.0072 
11 27.862 
12 26.6458 
13 32.276 
14 24.0782 
15 32.8353 
16 29.3647 
17 27.4438 
18 28.3405 
19 27.4574 
20 32.9774 
21 25.0521 
22 25.337 
23 33.5602 
24 27.4581 
25 27.1449 
26 26.85 
27 28.2355 
28 26.1662 
29 33.392 
30 28.9391 
31 47.0293 
32 46.2115 
33 46.9963 
34 43.508 
35 45.7125 
36 44.7224 
37 46.1854 
38 42.3381 
39 46.1395 
40 46.2255 
41 40.6794 
42 39.78 
43 44.8848 
44 46.621 
45 43.7926 
46 46.9889 
47 41.6988 
48 49.2965 
49 43.4651 
50 39.6567 
51 44.2913 
52 40.2457 
53 48.3267 
54 49.9494 
55 40.7087 
56 48.38 
57 46.6415 
58 50.519 
59 41.954 
0 32.0656 
1 24.564 
2 30.0195 
3 29.2149 
4 25.5262 
5 35.4326 
6 25.474 
7 25.4399 
8 33.1735 
9 34.8286 
10 34.6574 
11 29.3827 
12 30.7657 
13 26.9745 
14 27.7985 
15 31.2566 
16 26.0935 
17 35.1554 
18 29.7143 
19 27.5675 
20 27.3428 
21 35.6908 
22 30.6055 
23 31.5265 
24 25.3918 
25 30.5923 
26 34.3134 
27 32.0638 
28 34.0427 
29 30.657 
30 26.3153 
31 25.1582 
32 33.6369 
33 27.5811 
34 34.8172 
35 30.6199 
36 43.7839 
37 40.953 
38 44.385 
39 38.7846 
40 42.8783 
41 46.5267 
42 48.3521 
43 45.5014 
44 37.6869 
45 45.4525 
46 40.91 
47 40.9952 
48 43.4508 
49 39.4143 
50 49.2573 
51 45.4658 
52 49.1673 
53 38.9843 
54 42.813 
55 44.9707 
56 46.7022 
57 43.9624 
58 41.8292 
59 46.1418 
0 27.1761 
1 24.4825 
2 35.3978 
3 30.8038 
4 24.6379 
5 35.805 
6 27.2752 
7 35.1936 
8 31.0973 
9 30.3261 
10 24.3169 
11 35.3416 
12 28.9358 
13 29.3911 
14 26.937 
15 35.2072 
16 32.7901 
17 35.8876 
18 24.4546 
19 30.7616 
20 24.5765 
21 32.1343 
22 27.0075 
23 30.0712 
24 27.1059 
25 31.2787 
26 33.1842 
27 25.5548 
28 32.3873 
29 35.184 
30 25.5071 
31 27.0876 
32 24.1498 
33 53.8965 
34 51.0928 
35 49.3283 
36 46.6212 
37 43.9089 
38 50.6745 
39 45.8614 
40 45.9256 
41 46.7842 
42 52.963 
43 50.6481 
44 43.9155 
45 54.3287 
46 54.4833 
47 43.9687 
48 51.8147 
49 50.3389 
50 45.4251 
51 44.001 
52 54.8597 
53 50.0396 
54 49.264 
55 43.6151 
56 46.9964 
57 51.6462 
58 52.9796 
59 46.7431 
0 32.1218 
1 24.5578 
2 26.792 
3 32.8544 
4 31.9481 
5 26.6745 
6 25.1744 
7 31.0543 
8 34.6747 
9 34.2465 
10 28.2671 
11 25.9694 
12 33.1419 
13 29.6298 
14 31.9 
15 26.9436 
16 26.8673 
17 33.9021 
18 28.2638 
19 29.5149 
20 34.6967 
21 28.2968 
22 26.5162 
23 33.3112 
24 30.5828 
25 34.067 
26 31.2989 
27 29.798 
28 29.9827 
29 29.2619 
30 29.1697 
31 26.4262 
32 30.9489 
33 43.9146 
34 46.1792 
35 54.5889 
36 44.5914 
37 44.9105 
38 54.8254 
39 52.4352 
40 44.3042 
41 52.6904 
42 50.7059 
43 43.6311 
44 48.7733 
45 48.5441 
46 48.6411 
47 53.5001 
48 43.421 
49 54.4699 
50 53.8534 
51 51.2667 
52 51.5777 
53 45.0195 
54 51.1782 
55 50.118 
56 52.3955 
57 44.6442 
58 51.4492 
59 47.7568 
0 33.3307 
1 35.2758 
2 31.5926 
3 28.6112 
4 24.1528 
5 33.6413 
6 34.8113 
7 26.8559 
8 33.2881 
9 32.2566 
10 28.5186 
11 30.6573 
12 25.8655 
13 33.9524 
14 26.7905 
15 32.3671 
16 35.4136 
17 32.7453 
18 34.5161 
19 26.4189 
20 33.2782 
21 28.0464 
22 30.343 
23 31.9158 
24 30.8281 
25 26.3888 
26 35.1932 
27 26.9675 
28 25.2555 
29 31.055 
30 24.5611 
31 26.7883 
32 31.5115 
33 25.99 
34 26.4064 
35 26.167 
36 44.8308 
37 43.6351 
38 47.5475 
39 43.3384 
40 49.9913 
41 52.2736 
42 43.9616 
43 51.9956 
44 52.2464 
45 51.4731 
46 45.3188 
47 48.6363 
48 43.3858 
49 52.9217 
50 49.37 
51 43.843 
52 46.3309 
53 46.4506 
54 49.2113 
55 44.2084 
56 41.5464 
57 47.8277 
58 47.8402 
59 52.2872 
0 36.0272 
1 34.7133 
2 25.8111 
3 35.0614 
4 29.0977 
5 31.2559 
6 25.3683 
7 30.6904 
8 29.3445 
9 26.6477 
10 33.8066 
11 24.3793 
12 30.8648 
13 27.7196 
14 33.1757 
15 32.2657 
16 32.2107 
17 24.2739 
18 31.5137 
19 31.7208 
20 30.6265 
21 25.9235 
22 26.0278 
23 31.2001 
24 30.5982 
25 31.9294 
26 34.9218 
27 43.3703 
28 45.4605 
29 37.6178 
30 47.2647 
31 37.5426 
32 46.2515 
33 48.1188 
34 40.6213 
35 45.1506 
36 42.0832 
37 47.5445 
38 37.1379 
39 48.1185 
40 40.7043 
41 37.7809 
42 46.015 
43 40.448 
44 37.4111 
45 46.8798 
46 43.5503 
47 38.2326 
48 46.6793 
49 41.6914 
50 44.2171 
51 42.4082 
52 46.9522 
53 40.8512 
54 39.9644 
55 47.8739 
56 39.0155 
57 43.4416 
58 47.2753 
59 42.1996 
0 25.2838 
1 26.4629 
2 27.4063 
3 28.1448 
4 30.3757 
5 31.0671 
6 34.9204 
7 35.6537 
8 32.6928 
9 25.7542 
10 34.0266 
11 28.3148 
12 25.6617 
13 34.5535 
14 29.964 
15 29.1719 
16 34.4474 
17 29.9894 
18 27.2796 
19 35.6141 
20 27.7824 
21 24.6235 
22 33.4658 
23 28.0126 
24 25.9187 
25 31.4784 
26 34.7963 
27 25.6716 
28 30.553 
29 29.0908 
30 30.4704 
31 28.0137 
32 44.2822 
33 34.8087 
34 34.6445 
35 43.893 
36 34.3621 
37 37.3054 
38 36.4861 
39 35.2137 
40 43.4721 
41 43.6741 
42 39.7401 
43 45.259 
44 42.2126 
45 44.8922 
46 44.2638 
47 41.7701 
48 38.9035 
49 34.6868 
50 42.8897 
51 46.0001 
52 36.7274 
53 37.3388 
54 35.7778 
55 37.0021 
56 45.6016 
57 43.4765 
58 44.045 
59 38.6021 
0 32.8786 
1 33.1974 
2 28.414 
3 29.2795 
4 27.7177 
5 33.2414 
6 32.4101 
7 35.1984 
8 33.8183 
9 35.5182 
10 24.3147 
11 26.2676 
12 30.6511 
13 30.387 
14 24.1219 
15 35.4587 
16 31.5038 
17 32.4457 
18 35.2388 
19 25.272 
20 32.1714 
21 25.3815 
22 30.9309 
23 32.1798 
24 24.35 
25 25.5838 
26 29.7246 
27 32.1725 
28 27.475 
29 30.238 
30 36.0235 
31 30.1627 
32 26.5793 
33 45.8353 
34 40.3619 
35 42.7209 
36 49.6889 
37 40.9803 
38 42.0081 
39 49.6764 
40 49.6628 
41 49.6309 
42 41.7852 
43 47.4477 
44 46.7331 
45 45.9286 
46 45.9227 
47 44.8735 
48 46.1155 
49 45.3733 
50 40.8297 
51 50.1813 
52 42.5487 
53 47.6082 
54 45.9135 
55 40.3861 
56 41.3949 
57 40.8062 
58 41.7625 
59 39.8614 
0 29.449026415094337 
1 29.07860943396226 
2 29.807788679245284 
3 29.59869433962264 
4 30.080743396226428 
5 30.43056226415095 
6 29.562677358490568 
7 30.692205660377354 
8 30.313247169811323 
9 29.95182452830189 
10 30.080064150943393 
11 29.95830754716981 
12 29.74455660377359 
13 30.24399622641509 
14 29.699818867924535 
15 31.084818867924533 
16 29.931139622641506 
17 29.758341509433965 
18 29.948630188679243 
19 30.108694339622637 
20 30.12565660377359 
21 29.255139622641515 
22 29.47226981132076 
23 30.470379245283016 
24 29.706856603773588 
25 29.536762264150948 
26 30.314788679245282 
27 31.092560377358495 
28 31.90836037735849 
29 32.23202452830189 
30 31.68810754716981 
31 34.87650188679246 
32 36.137037735849056 
33 37.9227716981132 
34 38.8889679245283 
35 39.98656981132076 
36 41.463300000000004 
37 42.584847169811326 
38 43.166137735849055 
39 45.80659433962262 
40 44.904945283018854 
41 45.65856603773584 
42 45.65992452830188 
43 46.12579056603775 
44 45.04643584905661 
45 45.89062830188679 
46 46.569843396226425 
47 45.10344150943395 
48 45.66325283018869 
49 44.96571320754718 
50 45.6396924528302 
51 45.67617547169811 
52 45.415718867924525 
53 45.037250943396224 
54 45.29578867924528 
55 45.575915094339635 
56 45.497705660377356 
57 45.39307358490565 
58 45.99207924528301 
59 45.42423584905661 
0 33.0887 
1 28.7008 
2 27.2363 
3 35.2744 
4 30.7043 
5 32.7332 
6 35.1503 
7 27.8569 
8 27.6035 
9 35.2035 
10 32.1831 
11 35.4855 
12 32.5301 
13 33.4607 
14 33.7655 
15 31.5464 
16 24.1807 
17 27.8466 
18 31.0293 
19 24.0591 
20 28.2304 
21 26.7725 
22 25.2096 
23 32.1908 
24 32.8728 
25 30.8571 
26 28.6053 
27 30.7326 
28 24.527 
29 29.5902 
30 27.9575 
31 31.3826 
32 34.2858 
33 41.0965 
34 47.6143 
35 45.6232 
36 46.683 
37 41.2698 
38 48.9535 
39 43.1966 
40 39.7169 
41 49.0876 
42 39.6643 
43 43.6373 
44 39.3842 
45 50.3402 
46 49.5495 
47 50.1635 
48 40.9224 
49 50.649 
50 45.628 
51 47.6209 
52 41.0109 
53 43.8811 
54 40.4296 
55 46.1138 
56 40.7418 
57 46.8637 
58 49.5194 
59 47.4821 
0 27.8698 
1 32.7655 
2 35.686 
3 26.5048 
4 24.4418 
5 25.5298 
6 24.52 
7 29.8498 
8 33.9109 
9 31.1373 
10 25.1604 
11 26.1409 
12 30.9654 
13 32.2022 
14 26.7832 
15 26.2107 
16 29.9761 
17 31.5181 
18 33.7049 
19 33.1651 
20 27.5999 
21 27.2047 
22 33.1467 
23 26.2867 
24 28.5098 
25 27.269 
26 25.2533 
27 34.9255 
28 29.7863 
29 31.7571 
30 30.0088 
31 29.0048 
32 26.0113 
33 24.9893 
34 27.8092 
35 32.6319 
36 44.5098 
37 39.9581 
38 38.6607 
39 44.5825 
40 46.9287 
41 39.3401 
42 46.853 
43 42.5687 
44 41.0506 
45 45.7506 
46 45.802 
47 37.6417 
48 48.9796 
49 39.5373 
50 44.7433 
51 48.9862 
52 46.9613 
53 44.7044 
54 47.2507 
55 37.6626 
56 37.931 
57 39.1274 
58 45.3426 
59 40.0987 
0 30.979 
1 27.428 
2 35.4591 
3 28.5326 
4 24.0577 
5 28.4918 
6 25.6808 
7 34.0317 
8 29.361 
9 24.1014 
10 26.222 
11 28.5847 
12 25.8915 
13 31.3558 
14 33.2168 
15 31.9026 
16 32.4549 
17 30.7646 
18 24.4374 
19 33.8958 
20 26.8687 
21 35.6504 
22 29.3463 
23 32.691 
24 25.9455 
25 28.1775 
26 33.7236 
27 27.4522 
28 24.3026 
29 30.1186 
30 33.5988 
31 32.5665 
32 25.5078 
33 28.9652 
34 29.7922 
35 29.3353 
36 32.0763 
37 27.4945 
38 25.1174 
39 39.9334 
40 45.2015 
41 43.5674 
42 42.0291 
43 35.9725 
44 37.7583 
45 40.2312 
46 43.0426 
47 41.1397 
48 41.9377 
49 40.3094 
50 42.6809 
51 37.7403 
52 44.0826 
53 38.3147 
54 34.3333 
55 36.6137 
56 44.6793 
57 36.0625 
58 44.8497 
59 34.7945 
0 28.0805 
1 28.3787 
2 24.3948 
3 24.2703 
4 34.6633 
5 34.0067 
6 33.4063 
7 34.6395 
8 27.3975 
9 33.374 
10 27.5051 
11 24.2464 
12 32.6172 
13 29.249 
14 35.8553 
15 27.8407 
16 30.592 
17 25.8097 
18 24.4469 
19 25.3628 
20 32.6219 
21 33.5106 
22 27.3997 
23 24.849 
24 26.355 
25 24.0536 
26 30.8578 
27 33.208 
28 28.8631 
29 31.3785 
30 32.5158 
31 29.559 
32 35.7661 
33 35.0467 
34 31.9782 
35 36.2798 
36 44.2822 
37 37.0355 
38 36.5721 
39 38.3865 
40 43.7222 
41 37.4406 
42 39.2998 
43 42.0866 
44 46.1595 
45 46.5068 
46 44.6832 
47 44.0314 
48 35.6074 
49 39.8848 
50 35.8582 
51 45.6747 
52 40.7991 
53 42.6621 
54 42.9029 
55 43.864 
56 44.5955 
57 35.6401 
58 40.4576 
59 44.6715 
0 24.0118 
1 28.577 
2 29.884 
3 31.2416 
4 34.9487 
5 31.9286 
6 24.6452 
7 29.5245 
8 29.155 
9 31.2151 
10 29.2957 
11 31.0088 
12 29.8428 
13 27.8518 
14 24.9742 
15 33.8319 
16 31.4204 
17 30.0441 
18 30.8336 
19 35.7492 
20 25.3962 
21 30.7186 
22 27.3468 
23 31.0693 
24 35.1499 
25 31.0745 
26 31.557 
27 33.0879 
28 26.063 
29 46.6405 
30 43.0571 
31 49.8867 
32 50.5782 
33 46.9548 
34 50.974 
35 51.8502 
36 51.3332 
37 50.1617 
38 44.9858 
39 46.9085 
40 50.5741 
41 51.2693 
42 44.5389 
43 53.557 
44 45.0912 
45 53.4953 
46 53.1953 
47 51.552 
48 46.0797 
49 45.5179 
50 44.1492 
51 44.9094 
52 48.0756 
53 42.0183 
54 44.667 
55 44.7405 
56 45.862 
57 52.52 
58 50.5822 
59 44.4911 
0 34.4507 
1 34.0372 
2 25.6418 
3 25.2067 
4 32.3223 
5 32.2209 
6 27.2319 
7 33.1621 
8 26.9906 
9 27.0461 
10 27.0435 
11 29.7485 
12 34.0537 
13 24.6246 
14 34.5256 
15 29.6115 
16 31.0161 
17 34.1426 
18 34.5811 
19 34.6398 
20 28.1044 
21 31.3874 
22 26.294 
23 33.6021 
24 34.7639 
25 30.6863 
26 25.2056 
27 26.9091 
28 35.01 
29 34.0064 
30 25.001 
31 28.7408 
32 30.6797 
33 29.0482 
34 28.7856 
35 28.8697 
36 40.4714 
37 49.0816 
38 40.8508 
39 50.2479 
40 45.6819 
41 49.2748 
42 48.945 
43 48.1001 
44 45.8127 
45 43.9637 
46 42.9006 
47 49.8385 
48 47.9748 
49 44.5131 
50 40.9466 
51 42.3549 
52 44.9636 
53 49.674 
54 49.2304 
55 42.1129 
56 45.1142 
57 47.774 
58 44.7275 
59 45.6434 
0 35.0665 
1 24.1087 
2 27.9304 
3 27.4214 
4 26.1324 
5 26.5022 
6 29.603 
7 32.5312 
8 26.7909 
9 29.9842 
10 35.054 
11 28.1125 
12 29.9317 
13 34.0108 
14 33.3237 
15 30.6702 
16 29.1484 
17 30.7543 
18 26.7479 
19 30.4513 
20 31.8501 
21 33.4607 
22 31.6257 
23 33.0681 
24 32.1563 
25 32.9124 
26 29.8333 
27 31.6742 
28 35.7132 
29 26.7721 
30 46.4751 
31 53.1849 
32 49.7852 
33 51.716 
34 47.2448 
35 48.9347 
36 48.1724 
37 51.9151 
38 47.3366 
39 50.1877 
40 53.1063 
41 55.4283 
42 53.2253 
43 45.8688 
44 54.717 
45 46.68 
46 48.6582 
47 51.0646 
48 54.6127 
49 54.7159 
50 55.461 
51 52.4531 
52 50.6023 
53 50.1337 
54 47.153 
55 46.3561 
56 44.3742 
57 49.8957 
58 45.1487 
59 46.4472 
0 27.2392 
1 27.7724 
2 34.5241 
3 32.3587 
4 29.6328 
5 32.6164 
6 35.5531 
7 32.2492 
8 28.4808 
9 30.1968 
10 31.2236 
11 35.2773 
12 27.0218 
13 30.336 
14 35.7422 
15 30.2508 
16 30.7293 
17 34.7382 
18 31.7333 
19 27.8709 
20 29.5054 
21 25.7347 
22 29.5751 
23 34.6325 
24 29.3456 
25 35.2406 
26 30.5002 
27 26.6583 
28 24.0496 
29 32.5797 
30 27.692 
31 26.1163 
32 32.1963 
33 25.6389 
34 29.2226 
35 27.9065 
36 49.2404 
37 49.2224 
38 51.9417 
39 55.1479 
40 43.608 
41 53.6669 
42 49.7618 
43 46.6768 
44 46.6721 
45 48.9349 
46 45.8058 
47 55.1155 
48 48.8717 
49 52.505 
50 51.335 
51 54.1347 
52 52.6776 
53 51.8704 
54 52.9691 
55 50.063 
56 50.2961 
57 54.8838 
58 43.6561 
59 44.6266 
0 24.0092 
1 35.4598 
2 34.8025 
3 29.8351 
4 29.805 
5 31.5368 
6 24.5358 
7 35.5788 
8 24.3121 
9 34.6339 
10 25.9863 
11 27.0365 
12 26.525 
13 25.6833 
14 24.7311 
15 27.721 
16 31.2012 
17 35.108 
18 35.8289 
19 28.4415 
20 24.1326 
21 32.3293 
22 27.6836 
23 30.7135 
24 33.916 
25 30.6687 
26 29.9949 
27 31.2482 
28 35.5917 
29 35.0004 
30 27.5844 
31 35.1411 
32 32.9187 
33 31.0686 
34 30.0389 
35 34.9538 
36 26.3601 
37 43.8293 
38 42.1937 
39 46.2228 
40 40.0311 
41 49.1874 
42 43.2222 
43 46.9414 
44 41.6208 
45 47.8676 
46 40.8988 
47 48.5293 
48 41.464 
49 45.073 
50 39.4557 
51 44.9478 
52 43.7195 
53 40.1057 
54 47.7618 
55 43.4158 
56 39.5706 
57 38.9522 
58 43.0665 
59 48.3336 
0 33.5767 
1 25.8743 
2 28.0093 
3 31.3058 
4 25.6077 
5 32.5177 
6 29.1514 
7 32.7472 
8 31.0517 
9 34.0967 
10 33.5965 
11 31.7472 
12 33.8246 
13 24.4146 
14 24.7352 
15 33.323 
16 26.966 
17 30.1638 
18 31.4039 
19 27.3285 
20 34.4323 
21 28.9993 
22 26.211 
23 24.2387 
24 29.317 
25 33.937 
26 34.8414 
27 35.585 
28 30.1469 
29 28.5818 
30 44.7668 
31 49.2421 
32 38.8866 
33 47.0587 
34 42.0314 
35 43.9516 
36 44.0364 
37 48.944 
38 40.8938 
39 44.7386 
40 40.8358 
41 39.0918 
42 38.3071 
43 47.4222 
44 39.6702 
45 46.9617 
46 46.817 
47 42.5044 
48 38.7691 
49 42.316 
50 41.1824 
51 38.4279 
52 40.1667 
53 39.242 
54 44.9064 
55 38.1327 
56 49.3384 
57 44.6126 
58 45.6952 
59 47.5078 
0 28.9736 
1 34.1323 
2 27.6649 
3 31.9753 
4 34.5363 
5 27.6109 
6 30.7609 
7 29.9993 
8 24.4755 
9 27.7567 
10 29.5513 
11 31.8332 
12 24.6647 
13 33.2672 
14 33.6362 
15 33.7126 
16 25.4384 
17 33.7298 
18 30.0275 
19 32.796 
20 34.3875 
21 27.2268 
22 28.1059 
23 32.1842 
24 26.7046 
25 32.4152 
26 24.8777 
27 32.3315 
28 32.619 
29 26.2731 
30 24.7847 
31 27.2745 
32 29.8847 
33 33.5018 
34 25.6918 
35 30.123 
36 25.243 
37 34.0479 
38 33.1008 
39 45.9289 
40 48.9567 
41 55.0911 
42 46.2833 
43 52.6564 
44 49.4274 
45 53.978 
46 54.4837 
47 44.3312 
48 53.3328 
49 46.2712 
50 50.651 
51 49.0969 
52 45.2496 
53 45.6968 
54 49.1245 
55 55.9276 
56 52.5282 
57 53.5715 
58 54.5619 
59 55.1105 
0 24.3055 
1 30.4315 
2 34.2447 
3 30.2574 
4 32.4303 
5 35.6254 
6 25.7781 
7 35.6526 
8 24.1072 
9 24.997 
10 32.0212 
11 33.8969 
12 25.9514 
13 31.6356 
14 30.0463 
15 27.1977 
16 32.5228 
17 26.2022 
18 34.2678 
19 30.6727 
20 33.9608 
21 34.0772 
22 35.2971 
23 34.6795 
24 34.2418 
25 27.9454 
26 34.8976 
27 27.7993 
28 31.8541 
29 29.3838 
30 31.5144 
31 35.7378 
32 24.9423 
33 28.7599 
34 33.4662 
35 42.2122 
36 37.8559 
37 37.7406 
38 39.5836 
39 41.4495 
40 44.1908 
41 45.7276 
42 45.8833 
43 43.287 
44 39.0071 
45 41.1381 
46 45.1749 
47 48.8196 
48 48.0286 
49 46.2883 
50 39.0475 
51 46.2116 
52 37.7182 
53 38.013 
54 41.1623 
55 47.6694 
56 46.5296 
57 42.7436 
58 46.2156 
59 45.6798 
0 35.6361 
1 35.2266 
2 26.4512 
3 25.9995 
4 31.3716 
5 33.6116 
6 31.0205 
7 35.3324 
8 24.0536 
9 24.943 
10 30.5574 
11 25.9007 
12 30.5912 
13 28.7026 
14 26.7435 
15 34.9013 
16 35.2847 
17 26.9165 
18 34.0695 
19 34.8715 
20 30.3757 
21 30.5262 
22 26.6249 
23 28.6486 
24 33.493 
25 34.5737 
26 25.9191 
27 34.0835 
28 26.7182 
29 28.024 
30 24.7789 
31 31.0811 
32 32.7402 
33 25.5203 
34 25.9565 
35 45.2669 
36 43.6386 
37 45.6793 
38 46.3675 
39 47.0872 
40 45.149 
41 42.6339 
42 44.0209 
43 37.4576 
44 36.7345 
45 44.6232 
46 44.0051 
47 42.6104 
48 45.3716 
49 44.7814 
50 43.2799 
51 40.2977 
52 45.3995 
53 42.3269 
54 42.833 
55 37.6434 
56 39.3297 
57 36.2876 
58 43.9401 
59 41.7559 
0 28.4533 
1 32.3271 
2 32.2422 
3 29.5131 
4 29.9824 
5 35.5553 
6 28.3684 
7 32.1846 
8 35.3978 
9 31.3088 
10 28.7287 
11 33.4849 
12 32.3678 
13 25.7773 
14 28.952 
15 34.0067 
16 26.5929 
17 33.5694 
18 28.4643 
19 32.0704 
20 27.3013 
21 32.4813 
22 35.314 
23 28.801 
24 33.5194 
25 24.242 
26 29.8447 
27 24.3008 
28 46.4223 
29 38.512 
30 35.8607 
31 37.7353 
32 47.3121 
33 36.24 
34 37.2763 
35 38.2458 
36 41.7799 
37 46.0609 
38 36.3425 
39 39.1499 
40 46.379 
41 41.564 
42 36.5272 
43 46.7616 
44 46.1689 
45 37.5165 
46 41.5739 
47 44.0978 
48 43.1739 
49 36.2441 
50 37.3659 
51 40.7748 
52 40.5585 
53 46.5167 
54 45.0724 
55 41.4244 
56 42.6263 
57 42.9513 
58 39.8854 
59 44.3064 
0 29.7848 
1 26.0906 
2 28.0273 
3 31.4112 
4 30.3591 
5 34.5532 
6 24.0925 
7 27.3876 
8 28.5473 
9 25.0657 
10 26.3719 
11 35.1995 
12 32.5401 
13 29.5377 
14 28.4019 
15 29.0471 
16 32.6877 
17 31.2107 
18 31.0627 
19 28.129 
20 32.2272 
21 24.4014 
22 33.3153 
23 35.6879 
24 27.0747 
25 34.5025 
26 33.8624 
27 29.5072 
28 35.8472 
29 35.447 
30 27.5756 
31 28.2943 
32 52.7014 
33 50.8601 
34 52.7752 
35 53.9022 
36 47.7843 
37 50.7937 
38 44.1481 
39 49.5058 
40 45.3192 
41 51.5891 
42 53.7836 
43 43.9707 
44 42.128 
45 53.8317 
46 52.6224 
47 43.9399 
48 49.3086 
49 45.455 
50 43.2613 
51 52.181 
52 44.9336 
53 42.8713 
54 46.3654 
55 43.674 
56 47.2882 
57 47.2346 
58 52.8831 
59 44.2851 
0 33.2392 
1 28.3997 
2 34.7533 
3 31.864 
4 35.0423 
5 27.2099 
6 35.7463 
7 30.4304 
8 29.1844 
9 31.6642 
10 24.0665 
11 29.0445 
12 32.1802 
13 32.5782 
14 32.5364 
15 27.7434 
16 31.1865 
17 28.4647 
18 35.2604 
19 32.8423 
20 34.8554 
21 24.8857 
22 35.2971 
23 30.0716 
24 35.0952 
25 24.3397 
26 24.3125 
27 28.9057 
28 32.0212 
29 31.1145 
30 29.6849 
31 25.0293 
32 27.7262 
33 47.1507 
34 43.101 
35 52.5257 
36 50.6331 
37 48.8884 
38 47.7364 
39 42.0005 
40 45.4839 
41 49.6926 
42 42.5568 
43 49.509 
44 47.9226 
45 49.108 
46 43.9739 
47 46.8536 
48 49.3372 
49 45.7391 
50 47.6274 
51 42.6806 
52 43.1165 
53 43.5597 
54 47.0523 
55 46.0259 
56 51.2746 
57 51.7641 
58 47.6696 
59 43.8997 
0 33.8837 
1 27.8213 
2 32.4942 
3 26.344 
4 28.9608 
5 27.2433 
6 35.8248 
7 24.5567 
8 30.8828 
9 28.4342 
10 33.4967 
11 33.6634 
12 27.7761 
13 29.8179 
14 27.5154 
15 25.723 
16 30.8461 
17 29.1113 
18 33.009 
19 32.7978 
20 30.4484 
21 30.2703 
22 34.8264 
23 31.98 
24 29.646 
25 34.5719 
26 27.8261 
27 24.574 
28 24.7671 
29 34.2579 
30 25.4164 
31 30.0334 
32 25.0965 
33 33.1849 
34 35.2138 
35 34.1397 
36 29.3452 
37 28.6674 
38 30.7774 
39 47.4347 
40 41.2085 
41 41.3451 
42 40.8335 
43 47.416 
44 40.4156 
45 41.7824 
46 46.7763 
47 39.6169 
48 46.6257 
49 48.0399 
50 45.401 
51 40.2739 
52 41.2643 
53 43.4819 
54 44.9706 
55 47.2364 
56 41.0847 
57 49.2315 
58 38.7173 
59 49.3909 
0 29.4058 
1 35.8733 
2 34.8102 
3 29.3203 
4 35.0893 
5 33.7581 
6 32.1927 
7 28.7426 
8 35.7224 
9 30.1043 
10 27.4757 
11 32.4181 
12 24.0885 
13 30.564 
14 33.652 
15 25.8409 
16 24.4399 
17 26.1938 
18 24.4902 
19 24.2795 
20 30.8362 
21 29.5322 
22 32.3689 
23 27.4541 
24 24.285 
25 30.6999 
26 28.7893 
27 24.5347 
28 48.4173 
29 50.2948 
30 51.6249 
31 48.7382 
32 42.2627 
33 52.33 
34 52.0568 
35 47.7856 
36 44.3951 
37 47.1922 
38 42.3747 
39 47.6053 
40 49.0687 
41 42.7951 
42 44.8607 
43 41.8246 
44 44.3844 
45 41.5396 
46 49.9236 
47 48.3445 
48 51.3818 
49 50.8894 
50 46.0325 
51 51.1148 
52 47.5227 
53 43.6809 
54 44.0393 
55 42.992 
56 44.1858 
57 46.0189 
58 43.6126 
59 49.7235 
0 24.1608 
1 25.9334 
2 28.7254 
3 24.7814 
4 27.284 
5 29.8513 
6 27.6186 
7 25.1406 
8 32.388 
9 28.1698 
10 27.612 
11 29.0566 
12 30.6918 
13 34.1485 
14 34.1984 
15 34.6512 
16 26.1446 
17 34.981 
18 34.5208 
19 35.776 
20 32.9671 
21 30.7631 
22 26.3704 
23 26.774 
24 26.7721 
25 32.2154 
26 26.5232 
27 44.5241 
28 46.0668 
29 37.9674 
30 41.6286 
31 47.3315 
32 37.62 
33 46.669 
34 43.3688 
35 36.8128 
36 42.8815 
37 43.7985 
38 42.6891 
39 38.5502 
40 38.8836 
41 39.202 
42 36.8 
43 46.8368 
44 42.8452 
45 47.1064 
46 44.0871 
47 45.9379 
48 37.8638 
49 39.7969 
50 40.0128 
51 41.4303 
52 36.8268 
53 40.1703 
54 41.9583 
55 41.8382 
56 42.746 
57 43.6857 
58 44.0441 
59 45.0856 
0 27.06 
1 30.7668 
2 35.3849 
3 32.8313 
4 29.5931 
5 33.0799 
6 31.7318 
7 31.1365 
8 32.8966 
9 27.4056 
10 27.3266 
11 26.4956 
12 33.9476 
13 33.5591 
14 32.767 
15 35.7003 
16 35.1624 
17 24.2982 
18 27.3149 
19 25.2467 
20 33.1335 
21 26.7971 
22 29.0114 
23 33.4049 
24 26.9447 
25 33.0196 
26 28.1242 
27 28.4345 
28 35.913 
29 26.2228 
30 29.4852 
31 29.7617 
32 26.3491 
33 27.6891 
34 49.2865 
35 41.3868 
36 41.157 
37 40.8654 
38 40.3781 
39 40.7952 
40 40.0142 
41 42.9156 
42 44.6837 
43 49.7444 
44 40.569 
45 41.0428 
46 45.5911 
47 41.0578 
48 48.5399 
49 46.9818 
50 47.576 
51 44.7249 
52 42.2586 
53 47.1742 
54 44.2192 
55 46.7993 
56 48.8605 
57 46.4504 
58 45.1031 
59 48.599 
0 25.6305 
1 26.2033 
2 32.8232 
3 25.1703 
4 26.1916 
5 26.8426 
6 25.5607 
7 34.06 
8 28.7437 
9 32.1343 
10 29.996 
11 35.0555 
12 33.9256 
13 31.4024 
14 26.2213 
15 33.1001 
16 28.7929 
17 27.7394 
18 33.9689 
19 32.3902 
20 33.1959 
21 26.7251 
22 27.6212 
23 34.1316 
24 35.8135 
25 31.282 
26 25.3492 
27 29.3383 
28 29.2964 
29 43.4536 
30 50.8402 
31 50.6357 
32 50.5494 
33 43.9247 
34 45.2173 
35 40.2959 
36 42.0387 
37 46.1178 
38 41.0872 
39 43.4822 
40 41.598 
41 39.4733 
42 50.8163 
43 50.9485 
44 47.5466 
45 51.1101 
46 41.1379 
47 48.306 
48 42.5161 
49 43.9945 
50 47.6245 
51 41.1115 
52 40.0179 
53 49.4918 
54 43.2608 
55 47.5492 
56 47.7387 
57 44.3349 
58 44.3158 
59 41.0281 
0 24.7991 
1 32.178 
2 31.9929 
3 26.146 
4 34.9435 
5 28.3831 
6 25.8137 
7 30.6544 
8 35.0456 
9 24.4443 
10 33.0376 
11 33.1228 
12 32.4207 
13 27.0248 
14 26.0678 
15 24.8578 
16 32.8041 
17 25.8104 
18 33.2183 
19 31.0734 
20 33.1783 
21 34.5822 
22 29.0408 
23 26.287 
24 24.4025 
25 30.6871 
26 33.1798 
27 30.3276 
28 29.5847 
29 27.9318 
30 25.5614 
31 33.3619 
32 29.6724 
33 30.578 
34 25.7439 
35 30.0951 
36 30.8266 
37 31.2658 
38 45.6125 
39 45.2926 
40 45.943 
41 46.323 
42 52.0274 
43 51.0844 
44 45.7017 
45 43.8002 
46 45.1986 
47 42.7735 
48 48.093 
49 45.9889 
50 52.9664 
51 41.7357 
52 41.3109 
53 45.6565 
54 50.4987 
55 51.4704 
56 41.3267 
57 41.8286 
58 50.3147 
59 47.7541 
0 30.5861 
1 24.3334 
2 35.0493 
3 30.1245 
4 32.1545 
5 31.9999 
6 33.3369 
7 24.8196 
8 27.4328 
9 35.3375 
10 33.3612 
11 25.868 
12 35.5171 
13 29.8729 
14 28.4782 
15 35.1818 
16 26.5199 
17 27.3189 
18 30.8876 
19 24.5574 
20 29.7797 
21 27.2569 
22 25.7292 
23 32.7773 
24 24.5618 
25 27.6667 
26 25.2261 
27 34.7632 
28 33.2734 
29 29.5586 
30 32.2298 
31 34.3993 
32 24.9955 
33 33.0722 
34 29.3574 
35 49.9193 
36 42.7706 
37 45.9089 
38 49.1793 
39 49.8146 
40 45.5417 
41 44.7268 
42 47.9951 
43 41.6359 
44 50.6761 
45 46.752 
46 51.7976 
47 42.7332 
48 51.9122 
49 47.7193 
50 52.2823 
51 51.0709 
52 45.9629 
53 43.5598 
54 49.3016 
55 50.0107 
56 43.7335 
57 52.398 
58 46.5361 
59 52.8872 
0 26.3296 
1 31.886 
2 33.952 
3 35.2332 
4 28.4753 
5 29.0023 
6 33.7533 
7 32.8834 
8 24.5494 
9 24.8442 
10 24.022 
11 25.8747 
12 29.462 
13 35.5351 
14 32.539 
15 33.3127 
16 33.515 
17 25.5199 
18 29.0074 
19 33.5455 
20 24.1623 
21 30.3052 
22 27.6201 
23 24.9629 
24 33.7372 
25 32.8272 
26 26.269 
27 35.3996 
28 28.5175 
29 27.0174 
30 33.955 
31 35.3912 
32 26.0689 
33 46.9199 
34 47.4935 
35 42.0414 
36 40.2321 
37 37.8224 
38 44.9876 
39 40.2703 
40 44.5738 
41 42.0264 
42 46.0489 
43 40.6519 
44 43.381 
45 37.8738 
46 45.1507 
47 48.6532 
48 47.5692 
49 37.0226 
50 48.5952 
51 47.8901 
52 44.5796 
53 39.6655 
54 41.8978 
55 45.3222 
56 44.7963 
57 47.2097 
58 37.4817 
59 43.9943 
0 32.485 
1 30.332 
2 26.9734 
3 33.9693 
4 29.5707 
5 25.098 
6 25.3121 
7 28.2704 
8 26.3785 
9 35.9651 
10 35.2086 
11 32.8048 
12 26.6032 
13 29.3632 
14 26.2852 
15 32.5992 
16 26.4769 
17 24.2879 
18 32.7953 
19 30.2134 
20 33.2716 
21 32.2797 
22 34.3673 
23 25.9668 
24 29.8649 
25 26.8467 
26 25.1689 
27 34.5675 
28 34.656 
29 35.9721 
30 26.6858 
31 30.2233 
32 27.07 
33 24.1586 
34 33.9696 
35 31.1924 
36 32.3374 
37 30.6691 
38 35.6104 
39 51.0491 
40 43.1877 
41 41.5513 
42 40.7754 
43 45.4857 
44 50.1722 
45 40.1493 
46 51.1215 
47 42.3056 
48 41.8741 
49 41.6839 
50 46.395 
51 50.8589 
52 51.0715 
53 48.1103 
54 50.7733 
55 46.8683 
56 47.9461 
57 41.6953 
58 47.9432 
59 41.1379 
0 25.5486 
1 24.9173 
2 35.5421 
3 25.6022 
4 31.7527 
5 24.0903 
6 32.9176 
7 24.3716 
8 27.713 
9 32.1637 
10 30.3514 
11 34.8179 
12 25.6635 
13 30.3753 
14 24.2997 
15 24.4528 
16 29.8186 
17 27.1206 
18 28.7349 
19 32.4207 
20 34.5256 
21 34.9226 
22 25.4131 
23 25.3991 
24 24.8817 
25 27.9652 
26 32.6117 
27 35.8252 
28 32.8419 
29 33.9865 
30 35.5112 
31 29.3111 
32 31.091 
33 26.995 
34 32.7982 
35 42.0241 
36 47.5232 
37 44.2583 
38 43.844 
39 41.394 
40 48.4648 
41 44.1128 
42 48.7685 
43 47.7733 
44 42.5081 
45 45.2112 
46 51.5325 
47 45.769 
48 52.524 
49 42.8503 
50 49.0009 
51 42.373 
52 46.7311 
53 50.4731 
54 47.9947 
55 50.1477 
56 50.8106 
57 47.6135 
58 42.467 
59 42.89 
0 28.812 
1 28.2116 
2 33.1856 
3 26.1783 
4 25.3069 
5 33.9002 
6 30.9059 
7 35.8762 
8 26.4894 
9 27.5422 
10 35.0287 
11 30.217 
12 29.4716 
13 30.1451 
14 35.747 
15 29.393 
16 31.4531 
17 27.2 
18 30.9977 
19 25.9441 
20 29.5766 
21 24.7726 
22 28.161 
23 35.3159 
24 27.1966 
25 26.1772 
26 31.3062 
27 33.3428 
28 30.3973 
29 25.8805 
30 24.8894 
31 24.7128 
32 24.6052 
33 27.0233 
34 40.9299 
35 45.1551 
36 45.3949 
37 44.7486 
38 44.3222 
39 41.0815 
40 45.0611 
41 42.0726 
42 43.0072 
43 37.9201 
44 36.8754 
45 44.0795 
46 42.5192 
47 40.6713 
48 43.3036 
49 45.4481 
50 35.043 
51 41.8336 
52 41.3118 
53 41.325 
54 34.3941 
55 44.316 
56 39.5197 
57 44.0472 
58 39.3835 
59 34.4631 
0 31.9933 
1 25.1799 
2 32.5951 
3 27.4666 
4 27.2862 
5 33.3457 
6 31.9092 
7 24.4825 
8 32.6807 
9 35.7547 
10 29.3746 
11 29.1279 
12 30.3709 
13 35.6544 
14 27.3795 
15 27.9204 
16 25.6036 
17 32.6568 
18 35.1807 
19 35.003 
20 24.7003 
21 36.0286 
22 30.5288 
23 34.2818 
24 29.6475 
25 28.2777 
26 34.3211 
27 27.7265 
28 27.0692 
29 29.8186 
30 26.3994 
31 30.7638 
32 27.6123 
33 24.4396 
34 26.2639 
35 30.188 
36 25.2603 
37 28.7155 
38 46.5648 
39 50.15 
40 44.7045 
41 44.8245 
42 51.8601 
43 42.0715 
44 51.2737 
45 48.8074 
46 44.7287 
47 49.9788 
48 41.0569 
49 47.6128 
50 45.631 
51 49.1342 
52 44.5131 
53 51.0463 
54 40.4811 
55 41.8262 
56 48.3418 
57 40.0966 
58 40.4399 
59 41.9323 
0 30.2031 
1 29.8458 
2 25.398 
3 26.6242 
4 31.0183 
5 24.3055 
6 35.2505 
7 29.4249 
8 33.7658 
9 30.957 
10 30.1473 
11 26.1537 
12 33.4471 
13 31.3099 
14 27.63 
15 35.8476 
16 28.7041 
17 24.6276 
18 26.2962 
19 31.4388 
20 32.1196 
21 28.609 
22 29.3199 
23 33.1416 
24 32.222 
25 32.4325 
26 30.3922 
27 25.7862 
28 26.3961 
29 25.8772 
30 24.13 
31 31.3811 
32 44.4348 
33 40.8015 
34 35.8899 
35 35.5392 
36 46.7989 
37 45.424 
38 46.0333 
39 44.4039 
40 37.6214 
41 35.9604 
42 43.3893 
43 42.0537 
44 36.7169 
45 46.5812 
46 35.6769 
47 41.6476 
48 46.0715 
49 37.1873 
50 47.0765 
51 36.3868 
52 39.2724 
53 40.9333 
54 38.1531 
55 42.6993 
56 38.0165 
57 38.4939 
58 43.9041 
59 42.581 
0 27.3399 
1 24.9283 
2 26.0417 
3 26.348 
4 28.562 
5 24.4546 
6 35.4881 
7 29.4209 
8 35.4022 
9 33.9953 
10 30.9239 
11 25.2974 
12 34.403 
13 24.8578 
14 34.8855 
15 34.7202 
16 29.1943 
17 35.2516 
18 32.1137 
19 27.9586 
20 28.6457 
21 32.8643 
22 34.3824 
23 26.6429 
24 31.6554 
25 28.176 
26 30.8446 
27 31.6161 
28 28.508 
29 29.7723 
30 27.3351 
31 32.8768 
32 32.7174 
33 28.541 
34 53.8941 
35 45.5553 
36 49.6873 
37 53.9679 
38 50.8095 
39 50.6424 
40 51.9335 
41 51.888 
42 52.0268 
43 47.2265 
44 45.7944 
45 46.163 
46 48.6789 
47 48.7332 
48 48.579 
49 46.7517 
50 47.8401 
51 49.4309 
52 49.0516 
53 46.3099 
54 44.2869 
55 44.4786 
56 45.0533 
57 47.2071 
58 49.2477 
59 47.4615 
0 35.913 
1 29.8549 
2 33.2503 
3 30.1664 
4 27.5315 
5 24.791 
6 29.3816 
7 30.9162 
8 33.3369 
9 32.6825 
10 34.0629 
11 28.0912 
12 32.1504 
13 29.3372 
14 28.0798 
15 35.8384 
16 33.807 
17 26.9734 
18 24.0885 
19 30.694 
20 35.0937 
21 33.424 
22 34.0861 
23 32.6326 
24 30.806 
25 26.4956 
26 27.5 
27 33.7519 
28 24.6342 
29 25.0881 
30 32.1967 
31 27.6619 
32 26.727 
33 31.8277 
34 31.3268 
35 25.6466 
36 30.7855 
37 25.0767 
38 42.6002 
39 53.6032 
40 47.4262 
41 45.4788 
42 47.0152 
43 41.9667 
44 44.3456 
45 51.5787 
46 52.547 
47 43.0217 
48 45.694 
49 42.1044 
50 48.8679 
51 42.8436 
52 53.4827 
53 52.0843 
54 42.3457 
55 42.945 
56 43.4415 
57 51.0914 
58 42.9035 
59 47.0538 
0 28.4874 
1 34.1558 
2 28.6593 
3 35.5274 
4 35.2501 
5 30.795 
6 31.3183 
7 28.0339 
8 25.3745 
9 33.6101 
10 29.7231 
11 28.4621 
12 24.6834 
13 35.2446 
14 34.1507 
15 35.3405 
16 27.7243 
17 27.5022 
18 28.5388 
19 32.3021 
20 30.5857 
21 30.7473 
22 28.1797 
23 27.0846 
24 35.7227 
25 26.7872 
26 29.8898 
27 28.0442 
28 27.6626 
29 27.2396 
30 25.0047 
31 24.7311 
32 32.778 
33 46.4027 
34 47.259 
35 45.3796 
36 45.677 
37 40.5437 
38 39.2136 
39 43.3738 
40 42.0555 
41 43.6827 
42 42.5601 
43 38.311 
44 44.8783 
45 40.5591 
46 46.9171 
47 43.3129 
48 38.7586 
49 47.5157 
50 38.5618 
51 47.7786 
52 36.3254 
53 42.0658 
54 44.7733 
55 48.3049 
56 47.1371 
57 39.6036 
58 37.5626 
59 44.185 
