0 30.74325357142857 
1 30.610946428571435 
2 32.188266071428565 
3 32.47525714285714 
4 31.35068928571428 
5 30.81609285714286 
6 32.10643749999999 
7 29.971676785714294 
8 28.80414821428571 
9 29.721485714285713 
10 28.999683928571425 
11 29.5922375 
12 30.638178571428572 
13 32.25832142857143 
14 31.777167857142864 
15 30.904492857142863 
16 31.876487500000007 
17 32.230891071428566 
18 31.27295 
19 30.479667857142857 
20 30.22413392857144 
21 31.363376785714284 
22 32.08232142857143 
23 34.111819642857135 
24 34.329967857142854 
25 35.6909107142857 
26 35.055387499999995 
27 35.83671428571429 
28 37.06693035714285 
29 36.82233214285715 
30 36.96073035714286 
31 37.00669107142858 
32 38.02839107142857 
33 38.34152142857142 
34 37.346910714285706 
35 37.20609821428572 
36 37.3091375 
37 36.540417857142856 
38 36.28632321428571 
39 36.62538392857143 
40 37.21550714285714 
41 38.63498392857145 
42 38.794151785714284 
43 39.742755357142876 
44 38.99168392857143 
45 39.518571428571434 
46 39.25220357142858 
47 38.099958928571425 
48 37.16790892857142 
49 36.82859821428571 
50 36.24446964285715 
51 36.801601785714276 
52 36.91308035714286 
53 38.56674642857143 
54 40.123721428571436 
55 40.44597321428571 
56 40.3790375 
57 39.77203928571429 
58 40.046325 
59 39.04803928571427 
0 27.1798 
1 29.2498 
2 33.6928 
3 25.6264 
4 24.6555 
5 28.9446 
6 35.798 
7 34.9446 
8 24.5596 
9 34.2366 
10 27.9634 
11 25.3216 
12 35.4154 
13 34.862 
14 25.1472 
15 29.4686 
16 33.1739 
17 31.1274 
18 31.3701 
19 26.5173 
20 28.6486 
21 31.6565 
22 35.9497 
23 33.0321 
24 24.6081 
25 33.2025 
26 27.4335 
27 32.6355 
28 35.8773 
29 28.0295 
30 33.1247 
31 33.4129 
32 26.9245 
33 30.2123 
34 29.6526 
35 30.8644 
36 24.5119 
37 33.9931 
38 33.3094 
39 33.204 
40 31.2651 
41 27.9072 
42 35.111 
43 35.0757 
44 33.833 
45 25.9481 
46 29.1348 
47 24.2875 
48 32.3223 
49 34.9244 
50 27.7218 
51 27.9601 
52 35.7198 
53 27.576 
54 35.3375 
55 29.9993 
56 34.2149 
57 33.1276 
58 31.1057 
59 31.0179 
0 26.0377 
1 28.3229 
2 27.8169 
3 26.0755 
4 35.83 
5 26.7637 
6 30.3826 
7 33.3847 
8 27.0971 
9 31.2636 
10 28.3222 
11 33.8503 
12 29.2406 
13 30.9709 
14 32.7149 
15 28.5763 
16 26.1684 
17 34.284 
18 35.7172 
19 31.1575 
20 24.9529 
21 26.8294 
22 29.8303 
23 29.4304 
24 27.6832 
25 27.3296 
26 34.3358 
27 34.0192 
28 31.7303 
29 34.1595 
30 28.4973 
31 33.5528 
32 33.2326 
33 34.4434 
34 34.0728 
35 31.4131 
36 26.6576 
37 24.9265 
38 30.1381 
39 32.0219 
40 35.4073 
41 35.9725 
42 26.9969 
43 31.1964 
44 33.9649 
45 35.7227 
46 30.3125 
47 35.0085 
48 25.1766 
49 30.6632 
50 29.7037 
51 29.3188 
52 24.8644 
53 35.0739 
54 31.7388 
55 32.7134 
56 24.8413 
57 33.0736 
58 30.9048 
59 34.6861 
0 30.2137 
1 33.5576 
2 34.5969 
3 35.8645 
4 32.4596 
5 30.8967 
6 24.4473 
7 30.105 
8 33.0696 
9 33.782 
10 29.2145 
11 25.1968 
12 27.0663 
13 31.463 
14 31.8449 
15 33.6906 
16 26.4361 
17 25.5662 
18 29.0188 
19 30.7936 
20 35.343 
21 27.7431 
22 27.6663 
23 32.4993 
24 33.8239 
25 31.8706 
26 33.6138 
27 28.8818 
28 35.0243 
29 30.3624 
30 28.2153 
31 25.611 
32 34.3482 
33 29.8454 
34 31.1252 
35 31.6297 
36 35.9038 
37 27.4732 
38 28.4687 
39 29.4584 
40 34.7904 
41 35.4852 
42 33.0288 
43 30.7906 
44 32.312 
45 31.0554 
46 31.6426 
47 25.2269 
48 34.8565 
49 27.341 
50 26.2551 
51 33.0949 
52 29.2971 
53 34.4702 
54 32.1295 
55 34.111 
56 30.0488 
57 34.1841 
58 35.0915 
59 30.9676 
0 34.4988 
1 30.9151 
2 31.0631 
3 35.3471 
4 35.4036 
5 29.5457 
6 31.253 
7 34.1459 
8 29.9247 
9 33.9583 
10 27.5069 
11 24.4543 
12 26.9609 
13 26.3689 
14 28.3868 
15 24.7032 
16 25.3719 
17 34.2487 
18 29.7492 
19 35.1337 
20 30.9291 
21 26.8202 
22 25.9257 
23 35.8333 
24 27.605 
25 32.7832 
26 31.084 
27 26.4449 
28 28.4154 
29 31.4065 
30 34.4272 
31 35.7224 
32 24.1902 
33 29.498 
34 35.5131 
35 35.1271 
36 27.6972 
37 32.8287 
38 35.2252 
39 33.5999 
40 31.4839 
41 35.722 
42 32.4082 
43 35.0129 
44 28.7338 
45 26.1798 
46 34.0622 
47 27.1379 
48 35.8325 
49 33.9909 
50 32.8478 
51 32.5867 
52 25.2809 
53 26.6664 
54 31.9936 
55 29.5759 
56 32.5382 
57 29.6082 
58 35.256 
59 25.6668 
0 35.5351 
1 41.7067 
2 39.1705 
3 48.3964 
4 38.6103 
5 34.5755 
6 39.4181 
7 29.1601 
8 21.1805 
9 20.4808 
10 14.5935 
11 24.265 
12 26.4578 
13 28.9629 
14 31.7837 
15 45.5757 
16 48.4191 
17 46.4321 
18 35.8598 
19 35.509 
20 22.1924 
21 23.3135 
22 23.2302 
23 22.6636 
24 19.3221 
25 17.248 
26 27.1418 
27 39.0091 
28 45.7347 
29 42.0011 
30 44.5071 
31 43.5643 
32 35.0768 
33 23.3575 
34 20.7055 
35 19.9759 
36 18.6236 
37 18.7408 
38 27.4668 
39 26.2064 
40 35.5579 
41 39.407 
42 44.8076 
43 48.1086 
44 45.3199 
45 36.0476 
46 32.956 
47 27.4532 
48 15.7995 
49 13.0734 
50 22.8846 
51 15.4841 
52 32.6882 
53 30.0856 
54 42.1698 
55 48.2339 
56 46.0566 
57 37.7721 
58 37.2248 
59 32.9494 
0 31.5555 
1 33.8108 
2 47.7598 
3 40.4056 
4 34.2128 
5 26.8555 
6 30.1153 
7 13.082 
8 19.8027 
9 19.3834 
10 26.7693 
11 31.8521 
12 40.1876 
13 39.8323 
14 43.9535 
15 37.7174 
16 24.2572 
17 23.6006 
18 13.4661 
19 16.1605 
20 16.1841 
21 32.2748 
22 40.7452 
23 41.001 
24 42.0267 
25 47.4836 
26 31.6293 
27 31.7157 
28 19.3745 
29 11.8441 
30 12.0783 
31 25.5561 
32 35.7218 
33 43.9844 
34 48.6975 
35 38.1681 
36 35.859 
37 34.6789 
38 30.3785 
39 23.1508 
40 14.7885 
41 20.0223 
42 27.5827 
43 38.2921 
44 35.1351 
45 43.0436 
46 45.1359 
47 31.75 
48 29.2927 
49 16.4292 
50 21.88 
51 13.8714 
52 22.6016 
53 26.2231 
54 37.3841 
55 45.987 
56 43.623 
57 43.531 
58 35.1972 
59 23.164 
0 29.7481 
1 35.0096 
2 45.5182 
3 47.1441 
4 42.4431 
5 38.1345 
6 30.4926 
7 24.4804 
8 17.8574 
9 16.51 
10 14.1993 
11 18.7899 
12 18.0614 
13 29.2729 
14 29.1877 
15 35.8468 
16 38.3537 
17 45.3945 
18 37.4028 
19 35.2864 
20 28.8721 
21 27.2127 
22 18.7626 
23 17.8971 
24 12.5872 
25 22.7502 
26 17.8389 
27 27.1988 
28 31.4798 
29 42.2281 
30 43.6363 
31 49.2067 
32 41.6685 
33 41.6546 
34 37.9759 
35 26.9402 
36 21.5901 
37 22.7819 
38 13.9352 
39 18.9154 
40 20.196 
41 34.2972 
42 39.5432 
43 43.9576 
44 47.102 
45 45.4469 
46 38.9672 
47 40.748 
48 25.8723 
49 29.2668 
50 20.9359 
51 21.6952 
52 14.8328 
53 19.0264 
54 26.6645 
55 28.0073 
56 41.5617 
57 40.1772 
58 44.9136 
59 48.8988 
0 30.6452 
1 33.5252 
2 47.7151 
3 41.2529 
4 39.2562 
5 38.762 
6 38.4 
7 24.4824 
8 19.1655 
9 20.1992 
10 13.2109 
11 12.8291 
12 18.7599 
13 25.6468 
14 38.5677 
15 36.1103 
16 48.6031 
17 48.2751 
18 45.7563 
19 32.5005 
20 29.7102 
21 22.3788 
22 25.1075 
23 10.5893 
24 10.8242 
25 15.1053 
26 21.3766 
27 29.6578 
28 33.7933 
29 47.2711 
30 43.4118 
31 49.0611 
32 45.2724 
33 34.169 
34 31.5485 
35 23.9859 
36 17.2146 
37 17.5982 
38 20.4758 
39 24.7824 
40 28.2999 
41 31.1446 
42 39.9752 
43 49.6628 
44 40.3528 
45 42.8835 
46 33.5415 
47 37.2749 
48 26.5876 
49 16.4501 
50 20.2041 
51 19.2114 
52 12.4077 
53 23.5028 
54 36.1555 
55 40.7686 
56 43.7731 
57 38.7943 
58 45.2266 
59 42.783 
0 24.3422 
1 35.9905 
2 38.3697 
3 41.2425 
4 43.0979 
5 29.3166 
6 24.7874 
7 18.155 
8 19.4387 
9 17.4181 
10 31.5329 
11 30.2066 
12 44.1624 
13 50.1312 
14 42.0688 
15 38.7064 
16 25.1866 
17 17.7194 
18 16.1348 
19 14.9991 
20 27.5425 
21 33.7719 
22 42.1944 
23 47.5171 
24 48.3573 
25 35.6699 
26 28.374 
27 27.1421 
28 18.7235 
29 14.5728 
30 21.0474 
31 23.5288 
32 34.8436 
33 45.2607 
34 47.1319 
35 38.758 
36 39.575 
37 31.5292 
38 21.4903 
39 14.5456 
40 22.6757 
41 19.2534 
42 31.849 
43 40.1556 
44 42.5452 
45 47.1333 
46 40.4108 
47 25.6262 
48 22.655 
49 16.502 
50 17.6411 
51 25.2974 
52 32.839 
53 42.0852 
54 45.8687 
55 38.8255 
56 46.1264 
57 35.347 
58 30.212 
59 13.206 
0 24.4293 
1 39.7616 
2 40.1207 
3 45.9506 
4 37.17 
5 36.6564 
6 37.6492 
7 23.9352 
8 24.0386 
9 21.3343 
10 18.5594 
11 21.3349 
12 27.2994 
13 32.0006 
14 35.9327 
15 33.9412 
16 35.2246 
17 40.9319 
18 42.6484 
19 29.4594 
20 24.6605 
21 28.0779 
22 21.685 
23 16.775 
24 21.9714 
25 22.6046 
26 34.0883 
27 37.9202 
28 35.8967 
29 37.635 
30 40.821 
31 35.4524 
32 30.9297 
33 35.3715 
34 23.9494 
35 22.3958 
36 24.3919 
37 19.1855 
38 29.1486 
39 29.46 
40 35.9995 
41 36.0491 
42 41.6027 
43 34.3697 
44 40.7295 
45 33.8878 
46 32.6883 
47 26.3955 
48 20.4315 
49 24.9524 
50 25.3634 
51 28.5198 
52 29.0868 
53 34.1211 
54 31.5094 
55 43.5375 
56 37.4759 
57 42.3223 
58 31.9421 
59 32.8973 
0 35.2861 
1 30.1693 
2 39.4484 
3 42.5375 
4 33.6134 
5 34.167 
6 28.4885 
7 32.2912 
8 24.4984 
9 23.9583 
10 15.8835 
11 22.932 
12 29.7026 
13 33.5952 
14 38.4932 
15 31.835 
16 41.696 
17 38.4359 
18 42.8051 
19 38.5515 
20 34.9461 
21 31.1885 
22 19.0131 
23 18.4092 
24 21.6016 
25 27.2044 
26 28.9701 
27 26.2583 
28 31.5583 
29 39.9736 
30 43.7824 
31 40.9751 
32 40.848 
33 38.1816 
34 26.5036 
35 28.0058 
36 25.4816 
37 24.6209 
38 17.351 
39 22.0492 
40 30.8285 
41 34.5771 
42 40.2469 
43 43.7121 
44 44.7351 
45 34.5975 
46 38.7742 
47 31.9872 
48 31.8327 
49 21.4722 
50 17.729 
51 16.6126 
52 21.6958 
53 23.6195 
54 27.9105 
55 35.718 
56 36.0142 
57 34.735 
58 42.1424 
59 32.0592 
0 25.3437 
1 34.293 
2 38.2116 
3 39.9892 
4 42.5053 
5 32.7023 
6 27.069 
7 22.3364 
8 21.3176 
9 17.8632 
10 26.7314 
11 30.2757 
12 45.5687 
13 38.7466 
14 44.3744 
15 39.7253 
16 36.5967 
17 25.99 
18 13.0739 
19 16.0105 
20 13.8256 
21 27.7116 
22 28.5977 
23 36.9964 
24 44.423 
25 43.2376 
26 30.956 
27 23.6792 
28 26.6523 
29 21.7737 
30 11.0502 
31 21.5332 
32 27.4375 
33 42.5336 
34 46.5312 
35 49.4928 
36 37.1504 
37 30.8607 
38 26.715 
39 23.3207 
40 14.1386 
41 21.5582 
42 24.8324 
43 27.0154 
44 39.8051 
45 45.779 
46 40.8189 
47 35.4252 
48 29.5666 
49 22.6462 
50 12.8988 
51 20.0886 
52 17.8615 
53 25.0158 
54 31.4907 
55 40.9387 
56 48.5442 
57 42.9061 
58 43.9021 
59 35.1827 
0 31.3987 
1 24.9653 
2 28.7758 
3 28.0515 
4 29.2066 
5 27.7721 
6 37.1089 
7 28.8364 
8 30.3375 
9 32.244 
10 37.5035 
11 26.5441 
12 36.0212 
13 28.4489 
14 36.3764 
15 29.9429 
16 38.1711 
17 28.0999 
18 30.2058 
19 32.966 
20 38.7074 
21 32.1641 
22 38.023 
23 39.0665 
24 32.1428 
25 36.4759 
26 31.9306 
27 30.5072 
28 33.0331 
29 35.117 
30 30.748 
31 37.887 
32 31.35 
33 35.4752 
34 38.285 
35 38.033 
36 41.6004 
37 32.7202 
38 43.2126 
39 40.1186 
40 44.5204 
41 41.8285 
42 38.7962 
43 40.0053 
44 35.3026 
45 38.6383 
46 38.795 
47 46.2453 
48 37.346 
49 40.4335 
50 35.7605 
51 38.2306 
52 42.7972 
53 45.1616 
54 46.5 
55 47.8927 
56 39.6977 
57 47.7654 
58 46.5461 
59 44.9522 
0 32.4244 
1 27.8671 
2 26.9347 
3 34.6701 
4 36.8598 
5 33.8218 
6 29.6387 
7 25.8155 
8 34.3915 
9 36.803 
10 26.9604 
11 31.2711 
12 32.4836 
13 34.3538 
14 32.6433 
15 32.7952 
16 34.9383 
17 29.456 
18 36.6924 
19 33.4479 
20 35.1411 
21 40.266 
22 31.8118 
23 39.9387 
24 40.4465 
25 40.4979 
26 31.3181 
27 34.464 
28 31.8126 
29 33.8859 
30 33.7691 
31 34.188 
32 33.546 
33 38.9841 
34 39.9811 
35 41.696 
36 40.8359 
37 43.3476 
38 41.5864 
39 32.6978 
40 40.0943 
41 40.2708 
42 38.6587 
43 37.0113 
44 38.2539 
45 38.667 
46 41.6678 
47 37.9471 
48 35.2142 
49 38.9392 
50 43.0888 
51 46.9445 
52 36.074 
53 45.9129 
54 46.2889 
55 42.4874 
56 37.351 
57 39.49 
58 40.7561 
59 45.9159 
0 35.6912 
1 33.701 
2 32.233 
3 35.7342 
4 32.7592 
5 36.0698 
6 35.5339 
7 26.6311 
8 27.1744 
9 31.7971 
10 30.7375 
11 28.4921 
12 32.0661 
13 36.3311 
14 29.6023 
15 30.2763 
16 37.9305 
17 31.584 
18 39.6758 
19 35.179 
20 35.8934 
21 36.029 
22 36.002 
23 32.6884 
24 30.8433 
25 36.7226 
26 34.1996 
27 39.5759 
28 40.2991 
29 36.3201 
30 35.1436 
31 32.7044 
32 32.7596 
33 40.9869 
34 38.6747 
35 35.7537 
36 42.0597 
37 37.7087 
38 40.976 
39 38.3483 
40 38.4583 
41 39.5917 
42 44.5658 
43 33.7602 
44 33.6406 
45 43.104 
46 43.6899 
47 34.16 
48 36.4578 
49 36.0082 
50 38.1217 
51 36.7297 
52 35.7692 
53 44.3307 
54 38.1539 
55 40.2806 
56 36.3232 
57 44.2678 
58 41.5968 
59 37.5447 
0 27.2778 
1 29.8113 
2 27.1318 
3 24.7666 
4 35.9647 
5 33.2965 
6 33.4248 
7 28.5974 
8 30.3351 
9 31.2874 
10 31.9445 
11 35.6362 
12 29.1589 
13 28.2079 
14 37.7905 
15 29.7823 
16 35.2679 
17 37.6611 
18 34.1102 
19 31.846 
20 33.3598 
21 30.3534 
22 39.5751 
23 30.9881 
24 34.7353 
25 42.0485 
26 32.7066 
27 32.754 
28 36.9823 
29 31.2923 
30 37.26 
31 33.0529 
32 37.3615 
33 33.2891 
34 41.144 
35 34.2753 
36 40.1053 
37 43.2437 
38 41.0522 
39 45.2657 
40 39.9565 
41 43.1856 
42 41.712 
43 36.9456 
44 42.4863 
45 38.78 
46 37.2036 
47 35.9647 
48 43.3561 
49 38.8181 
50 43.9101 
51 39.3856 
52 39.0952 
53 48.455 
54 44.0903 
55 41.0704 
56 39.6853 
57 44.9884 
58 42.0044 
59 45.3073 
0 25.691 
1 33.3709 
2 27.1828 
3 35.2622 
4 25.9799 
5 29.8029 
6 35.3159 
7 32.2472 
8 31.83 
9 37.2008 
10 30.2565 
11 26.6136 
12 37.1233 
13 31.2693 
14 38.362 
15 36.7616 
16 37.1962 
17 36.8399 
18 30.8332 
19 30.0534 
20 35.8157 
21 30.2305 
22 37.6387 
23 33.7949 
24 38.6424 
25 38.5806 
26 31.5159 
27 33.4933 
28 35.0568 
29 33.4229 
30 32.161 
31 40.8284 
32 36.419 
33 40.0272 
34 32.3955 
35 33.8878 
36 40.2681 
37 35.7221 
38 39.9814 
39 43.7978 
40 36.6652 
41 34.6545 
42 41.4373 
43 42.1716 
44 34.4867 
45 40.495 
46 37.1326 
47 35.8737 
48 43.3707 
49 35.9215 
50 38.2407 
51 35.5493 
52 37.2615 
53 39.342 
54 42.4691 
55 39.6936 
56 39.8102 
57 36.7064 
58 47.602 
59 37.637 
0 34.3622 
1 27.1068 
2 25.2088 
3 30.0992 
4 36.0317 
5 29.542 
6 31.7275 
7 34.4601 
8 37.1769 
9 31.7029 
10 37.4628 
11 31.3253 
12 38.0778 
13 30.9719 
14 37.5592 
15 31.2733 
16 37.0156 
17 32.6973 
18 33.4392 
19 31.7798 
20 30.3118 
21 39.5534 
22 36.1439 
23 32.7719 
24 33.3515 
25 38.1071 
26 29.9292 
27 39.043 
28 32.7229 
29 35.6028 
30 37.8848 
31 33.363 
32 38.3103 
33 37.5503 
34 40.2664 
35 42.4923 
36 37.1751 
37 43.1976 
38 43.7339 
39 39.2653 
40 42.1209 
41 33.6897 
42 40.1529 
43 43.6236 
44 36.7854 
45 42.0456 
46 44.8601 
47 45.429 
48 34.2198 
49 39.0834 
50 37.2724 
51 39.7377 
52 38.757 
53 37.2856 
54 41.8775 
55 38.0284 
56 43.9107 
57 38.4414 
58 40.1264 
59 45.236 
0 33.8059 
1 34.7596 
2 33.8189 
3 31.3703 
4 35.8644 
5 33.6325 
6 29.4165 
7 37.2174 
8 27.6463 
9 35.8945 
10 28.3552 
11 30.4921 
12 35.0868 
13 38.1755 
14 28.0147 
15 27.1686 
16 28.0376 
17 35.4859 
18 34.8621 
19 39.3668 
20 38.0177 
21 36.4707 
22 32.2268 
23 35.1551 
24 39.654 
25 29.5228 
26 35.3367 
27 33.6498 
28 39.9021 
29 35.4978 
30 30.9373 
31 40.9889 
32 30.9786 
33 39.8426 
34 38.0169 
35 32.1054 
36 34.5056 
37 36.1453 
38 38.8235 
39 32.8332 
40 37.1936 
41 34.0818 
42 40.7657 
43 37.994 
44 33.5275 
45 35.1382 
46 42.446 
47 36.5786 
48 35.9507 
49 45.6795 
50 44.0925 
51 36.1107 
52 39.3849 
53 46.5171 
54 44.0997 
55 44.4446 
56 41.2366 
57 36.67 
58 41.6091 
59 45.4775 
0 35.3658 
1 25.4839 
2 31.5284 
3 28.9865 
4 34.3913 
5 34.8206 
6 37.1329 
7 26.5111 
8 35.3009 
9 35.403 
10 35.0674 
11 37.9181 
12 29.8463 
13 33.8361 
14 29.847 
15 30.818 
16 33.3445 
17 31.1797 
18 39.708 
19 36.6664 
20 35.8758 
21 38.4911 
22 33.4345 
23 40.9596 
24 38.3968 
25 42.1902 
26 41.7851 
27 35.5207 
28 35.7605 
29 32.4343 
30 43.7887 
31 36.2159 
32 43.2886 
33 33.2066 
34 40.4265 
35 43.914 
36 40.9193 
37 42.7477 
38 36.3027 
39 40.8147 
40 39.8725 
41 39.6253 
42 40.9837 
43 36.063 
44 37.562 
45 47.3014 
46 39.2464 
47 48.2103 
48 41.629 
49 39.4752 
50 41.9165 
51 38.4426 
52 49.1552 
53 40.0426 
54 46.1958 
55 43.1266 
56 41.5997 
57 43.5265 
58 41.2354 
59 50.3017 
0 25.0866 
1 33.6042 
2 27.7344 
3 36.812 
4 26.7692 
5 29.2883 
6 31.4316 
7 33.5368 
8 31.8486 
9 27.342 
10 31.3251 
11 29.1236 
12 37.752 
13 31.0719 
14 36.7494 
15 28.0564 
16 35.8491 
17 33.8484 
18 38.8098 
19 29.0564 
20 35.6494 
21 32.2492 
22 38.6362 
23 38.094 
24 33.2749 
25 37.9128 
26 31.3777 
27 33.6757 
28 38.9015 
29 32.821 
30 39.5781 
31 36.6843 
32 43.2105 
33 35.3478 
34 42.882 
35 33.9724 
36 37.5428 
37 41.299 
38 42.1035 
39 40.3543 
40 40.0002 
41 43.3793 
42 44.4449 
43 36.157 
44 37.6192 
45 37.7106 
46 39.4305 
47 40.9199 
48 37.5259 
49 40.3373 
50 41.1443 
51 48.3568 
52 40.9312 
53 46.4104 
54 49.7314 
55 47.0844 
56 48.6435 
57 39.2195 
58 43.8585 
59 44.7519 
0 25.8974 
1 30.3572 
2 26.7253 
3 31.9482 
4 31.5096 
5 25.3241 
6 32.7738 
7 33.0046 
8 29.6269 
9 29.8805 
10 37.0871 
11 29.2395 
12 27.5392 
13 32.8076 
14 35.3457 
15 33.2183 
16 30.8467 
17 37.8286 
18 33.0274 
19 32.7207 
20 33.4903 
21 40.8691 
22 30.8909 
23 29.7782 
24 34.5049 
25 35.4544 
26 34.3597 
27 32.074 
28 41.2569 
29 34.5786 
30 37.5482 
31 36.1887 
32 36.9847 
33 43.2438 
34 34.9508 
35 36.1548 
36 40.8654 
37 42.2105 
38 35.5956 
39 36.6436 
40 33.8607 
41 37.4821 
42 36.4255 
43 44.0834 
44 35.0005 
45 43.5379 
46 38.0046 
47 39.0922 
48 41.1904 
49 42.8057 
50 47.2735 
51 35.8929 
52 42.9993 
53 42.0785 
54 42.1655 
55 39.5644 
56 46.1136 
57 39.7445 
58 47.3587 
59 42.8935 
0 27.9149 
1 31.2197 
2 25.4599 
3 31.441 
4 28.1805 
5 35.8317 
6 34.2307 
7 34.7097 
8 31.8268 
9 36.2504 
10 33.6007 
11 36.2327 
12 33.1625 
13 33.5251 
14 38.4085 
15 27.786 
16 38.2295 
17 35.3426 
18 38.4068 
19 31.7514 
20 35.0484 
21 38.4923 
22 34.3274 
23 30.5224 
24 32.4229 
25 34.2892 
26 41.16 
27 30.3691 
28 32.303 
29 32.8249 
30 34.9589 
31 42.031 
32 35.355 
33 35.7239 
34 42.0912 
35 43.0975 
36 41.0125 
37 37.5009 
38 34.3859 
39 41.3779 
40 33.3503 
41 33.3386 
42 33.6597 
43 39.5846 
44 34.3911 
45 41.1723 
46 40.9418 
47 44.6002 
48 35.6908 
49 43.7073 
50 37.4511 
51 41.9849 
52 46.2375 
53 38.7559 
54 45.6682 
55 42.8943 
56 43.4515 
57 43.3451 
58 40.2984 
59 39.8326 
0 35.1132 
1 27.1904 
2 32.3818 
3 35.2564 
4 28.9799 
5 30.1395 
6 33.341 
7 28.367 
8 33.5965 
9 28.3666 
10 26.4251 
11 25.864 
12 25.9907 
13 26.2331 
14 29.7679 
15 30.1098 
16 27.3303 
17 25.8835 
18 26.5055 
19 32.7351 
20 29.0269 
21 27.8246 
22 24.7139 
23 34.8752 
24 29.7947 
25 35.5663 
26 32.9517 
27 41.1319 
28 44.4593 
29 37.9397 
30 43.838 
31 34.8279 
32 42.4491 
33 39.8268 
34 34.743 
35 35.7742 
36 36.0166 
37 40.9744 
38 40.1797 
39 45.3021 
40 37.2016 
41 35.3739 
42 41.9886 
43 39.9425 
44 43.4215 
45 39.1702 
46 44.7604 
47 33.3542 
48 33.6818 
49 37.3492 
50 44.752 
51 44.7395 
52 40.7702 
53 39.4049 
54 44.8878 
55 37.2934 
56 36.5857 
57 33.7802 
58 36.5053 
59 40.6512 
0 33.6538 
1 30.231 
2 35.9104 
3 33.0079 
4 28.2796 
5 25.9408 
6 30.4197 
7 30.5101 
8 26.0542 
9 33.0288 
10 33.9807 
11 35.624 
12 29.436 
13 33.1059 
14 32.5294 
15 27.4886 
16 31.4476 
17 33.1724 
18 28.8098 
19 28.9266 
20 32.9121 
21 43.3228 
22 41.8815 
23 34.5243 
24 34.406 
25 38.3856 
26 41.9593 
27 43.9185 
28 44.9551 
29 36.6563 
30 36.476 
31 35.6252 
32 37.5762 
33 41.8404 
34 39.9374 
35 39.6701 
36 44.5056 
37 41.5352 
38 35.1731 
39 36.0534 
40 45.4634 
41 42.6031 
42 37.1862 
43 35.4485 
44 39.9294 
45 42.3567 
46 36.6971 
47 39.4953 
48 35.3982 
49 35.2146 
50 41.8551 
51 43.5164 
52 40.7372 
53 40.1519 
54 45.5195 
55 33.8981 
56 39.4479 
57 44.0374 
58 40.3201 
59 34.6623 
0 34.6259 
1 29.5667 
2 32.0502 
3 35.3662 
4 32.9495 
5 24.4616 
6 34.4529 
7 28.3762 
8 24.4285 
9 32.482 
10 32.1141 
11 26.8423 
12 29.2292 
13 33.677 
14 29.4282 
15 33.5437 
16 33.2385 
17 33.5609 
18 30.0683 
19 30.9595 
20 30.3184 
21 28.111 
22 35.2042 
23 38.5437 
24 41.6886 
25 34.5425 
26 34.0894 
27 43.9143 
28 34.3258 
29 42.0635 
30 44.254 
31 32.3961 
32 33.5066 
33 37.8563 
34 42.2045 
35 42.1575 
36 42.3826 
37 38.5368 
38 38.2643 
39 36.1972 
40 39.6469 
41 41.6835 
42 40.1731 
43 44.0153 
44 37.347 
45 40.4221 
46 34.9057 
47 43.1883 
48 40.5719 
49 43.579 
50 38.0098 
51 35.4708 
52 37.2496 
53 41.6177 
54 40.8741 
55 44.0454 
56 43.9955 
57 33.0435 
58 41.3126 
59 41.3284 
0 32.4325 
1 27.1724 
2 29.1414 
3 28.9857 
4 28.9979 
5 34.0802 
6 34.3284 
7 32.9216 
8 28.0045 
9 25.3224 
10 33.7019 
11 25.0899 
12 26.9815 
13 34.2858 
14 35.6864 
15 33.4992 
16 28.7235 
17 26.763 
18 33.862 
19 25.5012 
20 28.1966 
21 31.9885 
22 24.4781 
23 31.2239 
24 28.7948 
25 29.1862 
26 45.1232 
27 37.6268 
28 39.3281 
29 38.8613 
30 37.0814 
31 37.8082 
32 37.7814 
33 36.3782 
34 36.127 
35 34.8866 
36 36.5692 
37 43.6484 
38 34.1771 
39 45.2892 
40 39.9505 
41 37.6796 
42 40.6156 
43 45.1727 
44 40.3559 
45 43.8419 
46 37.528 
47 40.0346 
48 39.6755 
49 43.4251 
50 41.9442 
51 41.9431 
52 34.8502 
53 36.4256 
54 39.3097 
55 35.9761 
56 35.8197 
57 43.3455 
58 39.7574 
59 35.5248 
0 27.8106 
1 28.7548 
2 32.4325 
3 33.3079 
4 26.9826 
5 27.1544 
6 34.3736 
7 33.2675 
8 30.177 
9 31.3139 
10 32.1122 
11 35.5571 
12 30.5192 
13 27.479 
14 31.665 
15 25.5846 
16 31.3213 
17 24.8273 
18 26.3755 
19 26.8768 
20 29.5542 
21 28.3369 
22 31.6778 
23 41.9277 
24 44.4972 
25 38.6863 
26 44.8978 
27 46.4328 
28 39.8577 
29 40.2922 
30 46.1152 
31 45.1934 
32 46.9825 
33 48.9556 
34 37.8626 
35 42.1437 
36 39.2709 
37 38.4667 
38 37.7642 
39 41.0806 
40 45.8996 
41 46.2628 
42 45.9477 
43 47.2436 
44 40.3002 
45 46.225 
46 43.1025 
47 44.5637 
48 46.009 
49 47.775 
50 43.6467 
51 48.2388 
52 40.6087 
53 42.6111 
54 40.4372 
55 49.5075 
56 38.687 
57 40.1133 
58 44.445 
59 48.5282 
0 32.6605 
1 35.8832 
2 27.0002 
3 35.5399 
4 33.2907 
5 32.7222 
6 30.4473 
7 24.7186 
8 26.7013 
9 26.4016 
10 27.9531 
11 34.7316 
12 30.1755 
13 32.789 
14 27.4823 
15 25.4057 
16 26.5599 
17 29.0114 
18 25.8361 
19 35.2733 
20 24.0275 
21 34.3875 
22 32.0935 
23 34.5418 
24 29.375 
25 29.592 
26 34.8554 
27 30.8799 
28 44.957 
29 45.2706 
30 38.4425 
31 40.2481 
32 37.4422 
33 47.8926 
34 47.0292 
35 46.9385 
36 47.6091 
37 37.2535 
38 36.5917 
39 45.3415 
40 41.4482 
41 44.621 
42 47.3854 
43 47.9737 
44 44.8219 
45 36.8113 
46 39.7425 
47 43.9975 
48 40.5662 
49 39.8695 
50 41.952 
51 44.4157 
52 38.9699 
53 43.4518 
54 41.525 
55 42.7772 
56 40.7307 
57 47.28 
58 39.8651 
59 39.1748 
0 34.6571 
1 28.7107 
2 30.0555 
3 27.4603 
4 24.6489 
5 29.567 
6 28.9964 
7 31.3936 
8 30.8134 
9 28.8359 
10 27.6553 
11 29.1238 
12 34.9997 
13 28.4977 
14 27.0997 
15 26.5011 
16 34.6079 
17 33.6054 
18 26.4181 
19 25.6312 
20 31.2243 
21 33.7434 
22 31.7171 
23 29.4708 
24 30.3687 
25 45.688 
26 43.1226 
27 45.3931 
28 37.4865 
29 38.4002 
30 43.9757 
31 44.2217 
32 41.2788 
33 36.9265 
34 34.5965 
35 41.9611 
36 41.7936 
37 45.7479 
38 38.4479 
39 44.0223 
40 42.0742 
41 40.0163 
42 38.8434 
43 43.2431 
44 36.7253 
45 38.3443 
46 38.8493 
47 40.2319 
48 36.621 
49 36.1994 
50 46.0034 
51 36.5626 
52 42.6849 
53 43.9569 
54 43.8985 
55 43.3216 
56 45.8239 
57 34.4452 
58 42.7517 
59 45.208 
0 33.0156 
1 28.9296 
2 27.6873 
3 27.0193 
4 26.4809 
5 28.7603 
6 34.7992 
7 35.7198 
8 25.4546 
9 32.2195 
10 25.0906 
11 33.3446 
12 35.0717 
13 31.264 
14 30.6867 
15 25.8758 
16 25.1237 
17 26.9587 
18 34.2983 
19 29.2527 
20 25.4964 
21 27.4442 
22 24.9522 
23 30.0312 
24 29.1018 
25 33.8026 
26 29.8674 
27 29.6383 
28 29.0772 
29 32.243 
30 31.1017 
31 25.1982 
32 29.6864 
33 29.0882 
34 30.5637 
35 26.5709 
36 32.8008 
37 34.4138 
38 35.3899 
39 42.5437 
40 39.6915 
41 32.3669 
42 36.2914 
43 41.1027 
44 35.4516 
45 36.9561 
46 40.0745 
47 33.7183 
48 32.2928 
49 42.2995 
50 36.0009 
51 35.4758 
52 42.3564 
53 38.3207 
54 41.4248 
55 38.9508 
56 32.2219 
57 33.6563 
58 34.5816 
59 42.8606 
0 30.3301 
1 24.4719 
2 33.6891 
3 33.5022 
4 34.7404 
5 26.4497 
6 30.5666 
7 33.5191 
8 29.3956 
9 26.0542 
10 33.5947 
11 28.8991 
12 35.9941 
13 33.7071 
14 31.6305 
15 34.819 
16 33.6891 
17 31.8831 
18 34.6692 
19 34.7158 
20 25.8769 
21 34.9589 
22 28.1672 
23 28.5847 
24 29.1708 
25 33.5484 
26 46.3479 
27 41.4863 
28 41.6651 
29 41.3794 
30 44.0381 
31 41.0405 
32 46.067 
33 40.06 
34 45.3597 
35 42.1891 
36 47.7037 
37 42.8641 
38 41.1837 
39 44.1005 
40 43.4821 
41 45.7523 
42 41.4723 
43 41.4037 
44 42.1399 
45 38.6157 
46 46.2877 
47 46.494 
48 46.9681 
49 40.5668 
50 37.6881 
51 37.1252 
52 46.0754 
53 40.3967 
54 39.5272 
55 37.232 
56 48.1785 
57 41.1279 
58 45.4721 
59 39.5661 
0 29.6376 
1 25.134 
2 30.6742 
3 25.3631 
4 27.1261 
5 35.1528 
6 28.6288 
7 33.6002 
8 26.5015 
9 30.0312 
10 25.6147 
11 35.3838 
12 25.5596 
13 35.6357 
14 24.6478 
15 26.4901 
16 28.5164 
17 34.6005 
18 25.7994 
19 24.4072 
20 32.0792 
21 27.6667 
22 24.1719 
23 33.8011 
24 34.2906 
25 36.6396 
26 42.2702 
27 44.7802 
28 44.8694 
29 34.8531 
30 36.7744 
31 40.8381 
32 36.3161 
33 41.7682 
34 35.1517 
35 39.501 
36 37.814 
37 36.0018 
38 34.5784 
39 39.5869 
40 39.7529 
41 43.7328 
42 42.6797 
43 42.5049 
44 43.2727 
45 39.4338 
46 39.9218 
47 40.2329 
48 37.6601 
49 45.2608 
50 43.933 
51 34.44 
52 40.7576 
53 41.4186 
54 42.9881 
55 38.9909 
56 44.8213 
57 39.84 
58 41.1998 
59 36.127 
0 28.2667 
1 25.665 
2 29.556 
3 34.0361 
4 25.0818 
5 30.0679 
6 27.7827 
7 29.1411 
8 34.2418 
9 31.4065 
10 32.9418 
11 24.1425 
12 24.1234 
13 33.9087 
14 33.5304 
15 31.9576 
16 26.767 
17 35.9126 
18 33.9296 
19 35.2399 
20 28.6013 
21 28.2917 
22 24.5317 
23 35.3937 
24 29.462 
25 29.4767 
26 34.6134 
27 33.8319 
28 28.1231 
29 28.0853 
30 29.1807 
31 24.0709 
32 35.4892 
33 35.1018 
34 30.7069 
35 31.1303 
36 30.0885 
37 32.3833 
38 44.0156 
39 33.7118 
40 38.7893 
41 41.029 
42 35.6368 
43 37.0153 
44 43.5448 
45 39.0064 
46 40.8142 
47 36.9646 
48 43.0546 
49 37.3476 
50 34.2362 
51 33.8502 
52 40.7804 
53 42.7601 
54 34.7554 
55 40.7066 
56 35.5075 
57 35.4627 
58 33.6115 
59 41.4484 
0 35.4011 
1 28.1367 
2 26.8173 
3 27.9553 
4 26.8617 
5 35.5832 
6 34.1018 
7 27.9917 
8 25.8761 
9 27.2785 
10 26.1717 
11 25.3084 
12 31.113 
13 26.048 
14 28.4698 
15 28.8253 
16 30.8123 
17 28.1867 
18 30.6812 
19 31.488 
20 33.7805 
21 26.294 
22 28.0357 
23 34.0012 
24 42.7304 
25 43.5453 
26 35.2219 
27 38.9521 
28 33.6384 
29 43.0341 
30 43.3359 
31 32.6833 
32 41.2094 
33 33.37 
34 34.9935 
35 31.9206 
36 40.8884 
37 41.4286 
38 39.8459 
39 32.0175 
40 40.371 
41 32.7806 
42 32.7721 
43 42.3268 
44 35.1528 
45 40.5201 
46 42.253 
47 33.3226 
48 36.3077 
49 41.3273 
50 42.3639 
51 39.5176 
52 39.9987 
53 42.4175 
54 42.3948 
55 42.5181 
56 42.892 
57 42.8207 
58 36.0466 
59 34.6931 
0 35.9695 
1 24.4447 
2 29.3614 
3 29.2175 
4 34.4507 
5 32.9682 
6 35.252 
7 27.7412 
8 31.5882 
9 35.8142 
10 30.5215 
11 34.6732 
12 32.1262 
13 31.7039 
14 34.2866 
15 25.0308 
16 31.9554 
17 35.4874 
18 24.5189 
19 27.421 
20 36.5746 
21 42.0517 
22 35.5325 
23 43.3987 
24 42.8585 
25 41.4307 
26 42.983 
27 40.0283 
28 33.1819 
29 42.42 
30 37.3921 
31 36.1178 
32 36.2001 
33 43.1725 
34 42.6833 
35 43.1214 
36 38.6127 
37 38.4467 
38 35.5262 
39 37.6164 
40 35.9599 
41 43.2044 
42 44.5106 
43 44.3233 
44 37.7519 
45 36.6055 
46 42.9011 
47 44.204 
48 43.857 
49 40.3662 
50 39.963 
51 44.9344 
52 39.1518 
53 34.0349 
54 35.809 
55 43.3836 
56 35.3834 
57 41.4822 
58 40.198 
59 36.9095 
0 28.0556 
1 35.4312 
2 34.5513 
3 31.9173 
4 30.6514 
5 34.6395 
6 25.835 
7 25.5585 
8 31.7381 
9 34.7933 
10 34.4254 
11 35.0783 
12 34.8664 
13 35.0952 
14 27.1383 
15 32.1111 
16 33.5734 
17 34.7985 
18 24.5042 
19 26.5437 
20 30.4502 
21 31.6584 
22 34.7202 
23 39.0292 
24 42.8835 
25 42.3088 
26 36.1395 
27 33.1999 
28 43.2056 
29 36.6478 
30 43.2584 
31 41.083 
32 41.1903 
33 34.7823 
34 33.9744 
35 36.8883 
36 43.0517 
37 33.0009 
38 40.8157 
39 33.3307 
40 34.7166 
41 43.4208 
42 39.5154 
43 36.8721 
44 33.3733 
45 43.1329 
46 42.9191 
47 38.2408 
48 33.1886 
49 36.2714 
50 36.6099 
51 32.5852 
52 42.6118 
53 33.8499 
54 40.9013 
55 33.5422 
56 31.6451 
57 38.9811 
58 36.3558 
59 39.4757 
0 29.9625 
1 28.9806 
2 26.8434 
3 31.434 
4 32.2158 
5 25.1244 
6 34.1444 
7 33.0784 
8 32.7193 
9 31.7707 
10 24.6353 
11 33.9087 
12 30.3316 
13 34.8866 
14 26.6047 
15 32.6175 
16 24.9856 
17 28.5939 
18 33.8136 
19 29.2883 
20 30.2089 
21 33.2565 
22 24.9419 
23 34.7511 
24 34.5289 
25 36.9908 
26 39.0993 
27 38.8955 
28 44.7079 
29 43.2482 
30 43.3316 
31 39.3711 
32 45.9965 
33 36.9012 
34 40.7926 
35 42.3735 
36 42.3037 
37 45.5988 
38 41.3284 
39 34.797 
40 41.6938 
41 36.621 
42 42.325 
43 44.0197 
44 41.805 
45 36.4506 
46 44.5327 
47 37.7862 
48 42.9115 
49 38.9363 
50 40.2741 
51 39.2973 
52 41.0787 
53 45.3799 
54 39.0935 
55 45.7556 
56 45.4119 
57 44.384 
58 45.4835 
59 42.5365 
0 32.8617 
1 35.7793 
2 31.8504 
3 25.3539 
4 32.9183 
5 35.7459 
6 35.6089 
7 27.0046 
8 25.7806 
9 26.1369 
10 29.5799 
11 28.0376 
12 29.5869 
13 30.5016 
14 28.1029 
15 25.2779 
16 24.585 
17 33.482 
18 30.3492 
19 35.5762 
20 31.4391 
21 30.1781 
22 30.1542 
23 25.7054 
24 34.255 
25 35.9633 
26 40.6107 
27 44.1867 
28 49.4177 
29 49.4831 
30 45.7415 
31 50.7235 
32 50.9993 
33 45.1124 
34 46.3826 
35 48.0711 
36 43.2102 
37 49.182 
38 51.0085 
39 46.7003 
40 49.4056 
41 49.9421 
42 46.2714 
43 45.9291 
44 43.3869 
45 48.2731 
46 52.0991 
47 44.6185 
48 51.1848 
49 48.6502 
50 42.0061 
51 47.0969 
52 50.5616 
53 43.2686 
54 52.3837 
55 43.6303 
56 43.1328 
57 43.8558 
58 40.4403 
59 47.0411 
0 26.7435 
1 28.0269 
2 34.5234 
3 26.8544 
4 24.1954 
5 25.6382 
6 32.7982 
7 31.2787 
8 35.2924 
9 33.388 
10 25.3007 
11 35.1172 
12 30.0305 
13 35.1341 
14 35.9747 
15 33.9722 
16 29.8836 
17 31.868 
18 28.0548 
19 28.9314 
20 28.3016 
21 44.4724 
22 43.3164 
23 39.1154 
24 40.4308 
25 34.852 
26 36.6202 
27 33.5363 
28 37.8361 
29 40.6791 
30 36.4101 
31 44.4218 
32 40.8998 
33 37.7237 
34 35.3342 
35 39.1456 
36 40.8083 
37 41.6001 
38 37.0833 
39 41.5395 
40 35.8252 
41 34.7488 
42 36.2948 
43 43.2804 
44 33.9094 
45 38.3046 
46 45.103 
47 40.0508 
48 42.0051 
49 43.4512 
50 35.8622 
51 42.4311 
52 34.8619 
53 40.2817 
54 36.5592 
55 37.8416 
56 34.6188 
57 39.2583 
58 43.8761 
59 42.2834 
0 31.6995 
1 31.7017 
2 33.4405 
3 32.196 
4 26.4747 
5 34.5348 
6 35.758 
7 27.7871 
8 35.3831 
9 34.8884 
10 31.4138 
11 33.3931 
12 32.5008 
13 26.7582 
14 31.0495 
15 33.1944 
16 35.0217 
17 31.3047 
18 35.7227 
19 28.9354 
20 28.9766 
21 26.3994 
22 33.19 
23 34.5315 
24 46.2239 
25 44.6408 
26 38.8571 
27 41.5496 
28 41.7412 
29 45.2603 
30 37.9963 
31 45.2978 
32 38.5872 
33 43.8252 
34 46.9095 
35 40.8585 
36 45.0991 
37 44.9177 
38 41.2789 
39 42.6461 
40 43.2351 
41 45.1127 
42 41.5855 
43 36.8187 
44 46.0432 
45 36.5528 
46 43.7231 
47 40.5151 
48 41.782 
49 37.7117 
50 36.5062 
51 44.831 
52 46.1718 
53 40.424 
54 41.7581 
55 46.4655 
56 45.058 
57 45.0213 
58 46.5041 
59 42.0677 
0 30.74325357142857 
1 30.610946428571435 
2 32.188266071428565 
3 32.47525714285714 
4 31.35068928571428 
5 30.81609285714286 
6 32.10643749999999 
7 29.971676785714294 
8 28.80414821428571 
9 29.721485714285713 
10 28.999683928571425 
11 29.5922375 
12 30.638178571428572 
13 32.25832142857143 
14 31.777167857142864 
15 30.904492857142863 
16 31.876487500000007 
17 32.230891071428566 
18 31.27295 
19 30.479667857142857 
20 30.22413392857144 
21 31.363376785714284 
22 32.08232142857143 
23 34.111819642857135 
24 34.329967857142854 
25 35.6909107142857 
26 35.055387499999995 
27 35.83671428571429 
28 37.06693035714285 
29 36.82233214285715 
30 36.96073035714286 
31 37.00669107142858 
32 38.02839107142857 
33 38.34152142857142 
34 37.346910714285706 
35 37.20609821428572 
36 37.3091375 
37 36.540417857142856 
38 36.28632321428571 
39 36.62538392857143 
40 37.21550714285714 
41 38.63498392857145 
42 38.794151785714284 
43 39.742755357142876 
44 38.99168392857143 
45 39.518571428571434 
46 39.25220357142858 
47 38.099958928571425 
48 37.16790892857142 
49 36.82859821428571 
50 36.24446964285715 
51 36.801601785714276 
52 36.91308035714286 
53 38.56674642857143 
54 40.123721428571436 
55 40.44597321428571 
56 40.3790375 
57 39.77203928571429 
58 40.046325 
59 39.04803928571427 
0 25.535 
1 29.2788 
2 26.5951 
3 24.8351 
4 30.0958 
5 24.5192 
6 34.3383 
7 32.7064 
8 35.1334 
9 26.886 
10 25.495 
11 32.7123 
12 29.4437 
13 27.9028 
14 25.4079 
15 27.3061 
16 28.9402 
17 24.325 
18 24.6368 
19 24.1072 
20 30.7484 
21 31.0102 
22 26.0902 
23 34.3971 
24 31.2511 
25 34.3027 
26 40.006 
27 39.6839 
28 35.7958 
29 34.7533 
30 43.4938 
31 43.8126 
32 43.6767 
33 34.9424 
34 42.4282 
35 40.0655 
36 40.8965 
37 45.5124 
38 39.309 
39 38.3168 
40 35.9589 
41 40.8847 
42 44.8838 
43 41.8406 
44 38.8375 
45 46.0706 
46 41.9394 
47 43.1292 
48 38.9242 
49 41.8777 
50 42.5585 
51 40.1334 
52 42.0404 
53 41.892 
54 39.1746 
55 34.1984 
56 42.0437 
57 40.7867 
58 40.8168 
59 37.1365 
0 32.9495 
1 26.6194 
2 29.0166 
3 31.0796 
4 28.4496 
5 33.9766 
6 29.6251 
7 32.6844 
8 27.5635 
9 30.3261 
10 31.0429 
11 34.1176 
12 26.8147 
13 32.283 
14 31.0462 
15 25.5353 
16 27.0696 
17 33.0009 
18 32.8349 
19 31.3036 
20 27.8092 
21 26.8746 
22 32.5959 
23 34.5003 
24 26.5019 
25 30.9753 
26 28.8991 
27 28.4459 
28 33.9821 
29 34.4048 
30 31.7428 
31 33.1889 
32 26.489 
33 29.3665 
34 31.0069 
35 29.1991 
36 25.7693 
37 31.0741 
38 45.2719 
39 42.0165 
40 46.1412 
41 46.5014 
42 37.835 
43 36.8556 
44 35.2957 
45 39.0332 
46 43.8717 
47 43.8064 
48 35.4529 
49 35.9115 
50 36.4892 
51 45.9047 
52 35.465 
53 46.1176 
54 44.0719 
55 38.6829 
56 41.3159 
57 43.8824 
58 41.0427 
59 40.5231 
0 27.6766 
1 32.6936 
2 30.8854 
3 28.7287 
4 27.6906 
5 29.7734 
6 31.1013 
7 33.0556 
8 25.6602 
9 33.6832 
10 30.1719 
11 26.7824 
12 25.7164 
13 35.1135 
14 28.7202 
15 35.801 
16 29.3452 
17 26.7696 
18 27.0644 
19 33.6186 
20 30.2009 
21 26.4494 
22 37.3387 
23 39.4238 
24 40.8589 
25 34.9569 
26 35.1424 
27 39.7613 
28 38.2241 
29 36.6601 
30 33.7157 
31 41.6686 
32 37.6707 
33 40.6999 
34 33.0 
35 38.2057 
36 39.2486 
37 43.0556 
38 38.6251 
39 37.801 
40 31.9689 
41 39.8248 
42 34.5251 
43 33.5927 
44 39.1469 
45 43.1129 
46 33.0397 
47 41.142 
48 42.8745 
49 38.3768 
50 35.9201 
51 42.4376 
52 33.1693 
53 37.0269 
54 34.4671 
55 41.1416 
56 36.2789 
57 35.1336 
58 38.6431 
59 42.93 
0 35.4279 
1 29.9875 
2 27.5962 
3 30.4061 
4 30.0577 
5 27.9109 
6 34.9207 
7 33.1853 
8 31.8093 
9 28.136 
10 30.8986 
11 28.0581 
12 24.0617 
13 32.0454 
14 30.4678 
15 27.2525 
16 33.6391 
17 27.3546 
18 28.3758 
19 34.479 
20 31.4145 
21 29.086 
22 44.4048 
23 41.9019 
24 43.9682 
25 45.7217 
26 35.7039 
27 40.7752 
28 43.792 
29 35.8865 
30 39.0769 
31 40.0775 
32 44.0637 
33 45.4474 
34 36.7281 
35 36.3936 
36 38.9127 
37 38.0861 
38 40.6974 
39 37.68 
40 34.6985 
41 42.4149 
42 44.6832 
43 34.8057 
44 40.6302 
45 43.2463 
46 38.8844 
47 36.7593 
48 36.8453 
49 36.7413 
50 38.5826 
51 40.5446 
52 42.1615 
53 39.2373 
54 35.1024 
55 41.4289 
56 36.7054 
57 38.0931 
58 36.478 
59 38.7963 
0 34.8447 
1 30.1876 
2 32.9132 
3 28.9971 
4 26.1468 
5 29.7911 
6 29.2707 
7 30.5637 
8 24.8284 
9 25.5056 
10 25.0389 
11 27.4273 
12 30.3356 
13 30.4921 
14 24.4528 
15 26.1365 
16 31.4413 
17 35.122 
18 35.9115 
19 32.8739 
20 29.7687 
21 28.1635 
22 33.984 
23 30.5666 
24 25.7311 
25 43.6075 
26 37.5767 
27 41.2335 
28 38.0989 
29 40.1594 
30 37.602 
31 35.4777 
32 37.9307 
33 39.9754 
34 42.7802 
35 34.4781 
36 44.4474 
37 36.9704 
38 41.1964 
39 38.1437 
40 39.0786 
41 41.1027 
42 37.9535 
43 40.5512 
44 41.5291 
45 41.6069 
46 34.6136 
47 38.9692 
48 36.0729 
49 43.1048 
50 42.6972 
51 36.9873 
52 35.8732 
53 36.5962 
54 39.8575 
55 39.1106 
56 40.5325 
57 38.0603 
58 36.0718 
59 40.2108 
0 29.6713 
1 32.0359 
2 35.61 
3 34.3365 
4 35.8678 
5 26.1497 
6 28.4356 
7 30.3562 
8 27.233 
9 32.0171 
10 27.4431 
11 29.7815 
12 33.1518 
13 33.0993 
14 29.8436 
15 35.7433 
16 29.8535 
17 29.527 
18 26.1805 
19 25.5945 
20 27.7526 
21 24.2574 
22 31.3249 
23 33.9087 
24 28.5183 
25 27.0248 
26 25.9955 
27 34.606 
28 39.8024 
29 39.8986 
30 35.8511 
31 34.2578 
32 40.9687 
33 42.6278 
34 39.9302 
35 36.76 
36 39.1837 
37 37.4228 
38 43.3479 
39 38.3034 
40 37.4471 
41 39.4257 
42 42.5646 
43 38.1609 
44 41.8952 
45 36.4145 
46 37.6362 
47 43.7155 
48 37.8128 
49 44.2223 
50 35.9224 
51 42.7875 
52 38.0526 
53 41.1923 
54 33.6339 
55 42.4508 
56 40.296 
57 43.7607 
58 43.2771 
59 42.3473 
0 27.9542 
1 24.5607 
2 34.1419 
3 31.0212 
4 30.4197 
5 35.8784 
6 33.0931 
7 29.2971 
8 33.3975 
9 35.8076 
10 35.9798 
11 33.1324 
12 31.1509 
13 30.9629 
14 24.6555 
15 25.6903 
16 29.3067 
17 24.7998 
18 30.0286 
19 25.0638 
20 32.2052 
21 26.9822 
22 33.2668 
23 27.1911 
24 35.1649 
25 35.9802 
26 31.5398 
27 32.742 
28 41.0596 
29 42.8807 
30 38.0172 
31 40.5073 
32 46.0872 
33 41.8969 
34 36.2031 
35 43.9118 
36 42.8575 
37 40.056 
38 36.007 
39 38.1751 
40 41.1782 
41 46.8844 
42 42.4176 
43 46.0141 
44 46.3718 
45 36.574 
46 36.0368 
47 37.0466 
48 36.2623 
49 36.5729 
50 45.7351 
51 42.249 
52 40.4673 
53 41.6317 
54 47.0346 
55 45.1655 
56 47.114 
57 36.4448 
58 40.0729 
59 44.3308 
0 26.5753 
1 29.6302 
2 32.9267 
3 26.5386 
4 26.8485 
5 29.3151 
6 32.8493 
7 28.3589 
8 33.1008 
9 34.2932 
10 34.8201 
11 32.2948 
12 26.6473 
13 29.1536 
14 28.7213 
15 27.1801 
16 27.1742 
17 26.3605 
18 33.3329 
19 34.822 
20 29.6185 
21 34.5058 
22 34.8366 
23 42.0338 
24 45.8539 
25 41.773 
26 39.743 
27 34.967 
28 44.4009 
29 40.9758 
30 36.2871 
31 42.5945 
32 42.4553 
33 42.1237 
34 41.0114 
35 45.6813 
36 36.6202 
37 40.1606 
38 36.6092 
39 43.1574 
40 38.6689 
41 40.266 
42 36.4564 
43 34.501 
44 45.6589 
45 34.7055 
46 35.2299 
47 43.0447 
48 43.7215 
49 35.0782 
50 46.035 
51 36.1748 
52 44.4045 
53 43.0109 
54 45.432 
55 37.6135 
56 38.121 
57 40.899 
58 38.8118 
59 35.0702 
0 30.9643 
1 27.7563 
2 27.5143 
3 31.4164 
4 35.2993 
5 27.8756 
6 34.9042 
7 25.1336 
8 33.4908 
9 26.2929 
10 26.9491 
11 31.853 
12 25.965 
13 31.1149 
14 29.3948 
15 34.7221 
16 32.5445 
17 32.9594 
18 34.4349 
19 26.6363 
20 27.7343 
21 26.1328 
22 34.9494 
23 35.375 
24 35.2755 
25 33.3075 
26 24.1733 
27 35.8601 
28 31.889 
29 28.7904 
30 34.8668 
31 32.6829 
32 26.0858 
33 34.5058 
34 33.3663 
35 24.4899 
36 34.1544 
37 31.0895 
38 40.1344 
39 33.8325 
40 39.1708 
41 39.173 
42 35.0814 
43 42.0256 
44 35.7935 
45 32.9149 
46 33.5795 
47 38.9494 
48 44.3835 
49 43.1144 
50 33.5692 
51 37.1096 
52 38.5234 
53 37.5128 
54 39.1895 
55 43.2961 
56 42.5019 
57 43.9098 
58 44.0864 
59 43.9799 
0 29.8729 
1 27.1375 
2 35.5832 
3 29.0283 
4 24.094 
5 35.5057 
6 32.4244 
7 35.6754 
8 28.1738 
9 24.9269 
10 30.5295 
11 35.6732 
12 28.0618 
13 29.0283 
14 32.8074 
15 27.7974 
16 35.003 
17 33.4684 
18 30.1135 
19 33.5418 
20 32.4203 
21 34.5175 
22 42.4794 
23 36.5999 
24 46.1564 
25 35.8974 
26 34.9606 
27 44.3041 
28 39.8883 
29 39.1612 
30 39.007 
31 40.8787 
32 41.8177 
33 41.1406 
34 37.5209 
35 44.9747 
36 39.7569 
37 37.3472 
38 40.7792 
39 41.3521 
40 38.6798 
41 44.8513 
42 39.9739 
43 43.5367 
44 42.7148 
45 43.4937 
46 40.6878 
47 37.0178 
48 46.5633 
49 45.2527 
50 36.7919 
51 41.0131 
52 44.2358 
53 39.4521 
54 43.9645 
55 39.491 
56 44.9607 
57 36.7912 
58 41.2981 
59 43.5466 
0 30.8949 
1 35.6526 
2 26.5059 
3 33.7188 
4 33.1544 
5 24.2648 
6 27.0461 
7 34.66 
8 28.7801 
9 35.6699 
10 29.1249 
11 30.6827 
12 25.4039 
13 33.0883 
14 34.3196 
15 24.4653 
16 34.8767 
17 35.6144 
18 31.9808 
19 34.3997 
20 32.9606 
21 39.2874 
22 42.1819 
23 42.653 
24 36.1224 
25 34.1144 
26 41.3108 
27 32.6022 
28 37.0716 
29 43.6926 
30 32.3837 
31 33.2636 
32 37.6074 
33 33.4193 
34 32.3514 
35 43.7771 
36 40.7405 
37 35.0894 
38 33.9209 
39 32.3257 
40 44.2985 
41 41.244 
42 35.2208 
43 35.154 
44 34.1743 
45 32.9393 
46 42.2289 
47 36.472 
48 33.254 
49 33.016 
50 42.8344 
51 41.7599 
52 39.438 
53 34.8308 
54 41.6509 
55 41.0141 
56 41.1463 
57 35.4533 
58 34.1247 
59 33.7751 
0 34.837 
1 30.9834 
2 35.2692 
3 34.6413 
4 34.638 
5 26.1563 
6 29.2891 
7 31.6385 
8 28.5664 
9 34.5436 
10 30.3433 
11 31.8284 
12 24.6386 
13 24.2765 
14 31.1509 
15 34.8029 
16 24.6467 
17 30.3837 
18 28.0203 
19 30.2328 
20 33.544 
21 25.8596 
22 24.0874 
23 45.9048 
24 45.5728 
25 39.3741 
26 47.0902 
27 39.6565 
28 47.5466 
29 47.1265 
30 44.5989 
31 40.1317 
32 45.6121 
33 46.7711 
34 39.0661 
35 43.4628 
36 42.259 
37 40.1284 
38 39.2746 
39 46.738 
40 42.0927 
41 43.823 
42 42.4122 
43 43.5718 
44 42.5601 
45 40.3961 
46 49.8586 
47 44.4238 
48 46.6943 
49 43.8575 
50 40.5081 
51 43.8274 
52 42.6046 
53 48.4044 
54 41.8812 
55 43.2002 
56 44.8472 
57 44.1924 
58 48.2157 
59 39.3628 
0 34.6989 
1 25.6092 
2 32.5066 
3 27.8452 
4 26.7035 
5 30.755 
6 24.6379 
7 31.2148 
8 33.8033 
9 28.1705 
10 29.9468 
11 29.9783 
12 31.5387 
13 34.8616 
14 28.1617 
15 34.8275 
16 35.9255 
17 32.9848 
18 24.3125 
19 25.7667 
20 31.4197 
21 25.0183 
22 29.1128 
23 38.6137 
24 34.0954 
25 40.5545 
26 36.3711 
27 39.6698 
28 38.7911 
29 40.5027 
30 37.9718 
31 32.2472 
32 39.7058 
33 33.0268 
34 40.3044 
35 44.0089 
36 36.6315 
37 41.1563 
38 33.4157 
39 41.7145 
40 35.8019 
41 43.8679 
42 33.1924 
43 41.0484 
44 34.7788 
45 40.9845 
46 32.5549 
47 43.9623 
48 43.4577 
49 33.7789 
50 37.0908 
51 35.5533 
52 34.7785 
53 35.962 
54 33.5967 
55 37.8367 
56 37.6031 
57 43.2352 
58 34.7832 
59 43.3075 
